0.000000 0.010000
0.001000 0.010010
0.002000 0.010020
0.003000 0.010030
0.004000 0.010040
0.005000 0.010050
0.006000 0.010060
0.007000 0.010070
0.008000 0.010080
0.009000 0.010090
0.010000 0.010100
0.011000 0.010111
0.012000 0.010121
0.013000 0.010131
0.014000 0.010141
0.015000 0.010151
0.016000 0.010161
0.017000 0.010171
0.018000 0.010182
0.019000 0.010192
0.020000 0.010202
0.021000 0.010212
0.022000 0.010222
0.023000 0.010233
0.024000 0.010243
0.025000 0.010253
0.026000 0.010263
0.027000 0.010274
0.028000 0.010284
0.029000 0.010294
0.030000 0.010304
0.031000 0.010315
0.032000 0.010325
0.033000 0.010335
0.034000 0.010346
0.035000 0.010356
0.036000 0.010366
0.037000 0.010377
0.038000 0.010387
0.039000 0.010398
0.040000 0.010408
0.041000 0.010418
0.042000 0.010429
0.043000 0.010439
0.044000 0.010450
0.045000 0.010460
0.046000 0.010471
0.047000 0.010481
0.048000 0.010491
0.049000 0.010502
0.050000 0.010512
0.051000 0.010523
0.052000 0.010533
0.053000 0.010544
0.054000 0.010555
0.055000 0.010565
0.056000 0.010576
0.057000 0.010586
0.058000 0.010597
0.059000 0.010607
0.060000 0.010618
0.061000 0.010629
0.062000 0.010639
0.063000 0.010650
0.064000 0.010661
0.065000 0.010671
0.066000 0.010682
0.067000 0.010693
0.068000 0.010703
0.069000 0.010714
0.070000 0.010725
0.071000 0.010735
0.072000 0.010746
0.073000 0.010757
0.074000 0.010768
0.075000 0.010778
0.076000 0.010789
0.077000 0.010800
0.078000 0.010811
0.079000 0.010822
0.080000 0.010832
0.081000 0.010843
0.082000 0.010854
0.083000 0.010865
0.084000 0.010876
0.085000 0.010887
0.086000 0.010898
0.087000 0.010908
0.088000 0.010919
0.089000 0.010930
0.090000 0.010941
0.091000 0.010952
0.092000 0.010963
0.093000 0.010974
0.094000 0.010985
0.095000 0.010996
0.096000 0.011007
0.097000 0.011018
0.098000 0.011029
0.099000 0.011040
0.100000 0.011051
0.101000 0.011062
0.102000 0.011073
0.103000 0.011084
0.104000 0.011095
0.105000 0.011107
0.106000 0.011118
0.107000 0.011129
0.108000 0.011140
0.109000 0.011151
0.110000 0.011162
0.111000 0.011173
0.112000 0.011185
0.113000 0.011196
0.114000 0.011207
0.115000 0.011218
0.116000 0.011229
0.117000 0.011241
0.118000 0.011252
0.119000 0.011263
0.120000 0.011274
0.121000 0.011286
0.122000 0.011297
0.123000 0.011308
0.124000 0.011319
0.125000 0.011331
0.126000 0.011342
0.127000 0.011353
0.128000 0.011365
0.129000 0.011376
0.130000 0.011388
0.131000 0.011399
0.132000 0.011410
0.133000 0.011422
0.134000 0.011433
0.135000 0.011445
0.136000 0.011456
0.137000 0.011467
0.138000 0.011479
0.139000 0.011490
0.140000 0.011502
0.141000 0.011513
0.142000 0.011525
0.143000 0.011536
0.144000 0.011548
0.145000 0.011560
0.146000 0.011571
0.147000 0.011583
0.148000 0.011594
0.149000 0.011606
0.150000 0.011617
0.151000 0.011629
0.152000 0.011641
0.153000 0.011652
0.154000 0.011664
0.155000 0.011676
0.156000 0.011687
0.157000 0.011699
0.158000 0.011711
0.159000 0.011722
0.160000 0.011734
0.161000 0.011746
0.162000 0.011758
0.163000 0.011769
0.164000 0.011781
0.165000 0.011793
0.166000 0.011805
0.167000 0.011817
0.168000 0.011828
0.169000 0.011840
0.170000 0.011852
0.171000 0.011864
0.172000 0.011876
0.173000 0.011888
0.174000 0.011900
0.175000 0.011911
0.176000 0.011923
0.177000 0.011935
0.178000 0.011947
0.179000 0.011959
0.180000 0.011971
0.181000 0.011983
0.182000 0.011995
0.183000 0.012007
0.184000 0.012019
0.185000 0.012031
0.186000 0.012043
0.187000 0.012055
0.188000 0.012067
0.189000 0.012079
0.190000 0.012091
0.191000 0.012103
0.192000 0.012116
0.193000 0.012128
0.194000 0.012140
0.195000 0.012152
0.196000 0.012164
0.197000 0.012176
0.198000 0.012188
0.199000 0.012201
0.200000 0.012213
0.201000 0.012225
0.202000 0.012237
0.203000 0.012249
0.204000 0.012262
0.205000 0.012274
0.206000 0.012286
0.207000 0.012299
0.208000 0.012311
0.209000 0.012323
0.210000 0.012335
0.211000 0.012348
0.212000 0.012360
0.213000 0.012373
0.214000 0.012385
0.215000 0.012397
0.216000 0.012410
0.217000 0.012422
0.218000 0.012435
0.219000 0.012447
0.220000 0.012459
0.221000 0.012472
0.222000 0.012484
0.223000 0.012497
0.224000 0.012509
0.225000 0.012522
0.226000 0.012534
0.227000 0.012547
0.228000 0.012559
0.229000 0.012572
0.230000 0.012585
0.231000 0.012597
0.232000 0.012610
0.233000 0.012622
0.234000 0.012635
0.235000 0.012648
0.236000 0.012660
0.237000 0.012673
0.238000 0.012686
0.239000 0.012698
0.240000 0.012711
0.241000 0.012724
0.242000 0.012736
0.243000 0.012749
0.244000 0.012762
0.245000 0.012775
0.246000 0.012787
0.247000 0.012800
0.248000 0.012813
0.249000 0.012826
0.250000 0.012839
0.251000 0.012851
0.252000 0.012864
0.253000 0.012877
0.254000 0.012890
0.255000 0.012903
0.256000 0.012916
0.257000 0.012929
0.258000 0.012942
0.259000 0.012955
0.260000 0.012968
0.261000 0.012981
0.262000 0.012994
0.263000 0.013007
0.264000 0.013020
0.265000 0.013033
0.266000 0.013046
0.267000 0.013059
0.268000 0.013072
0.269000 0.013085
0.270000 0.013098
0.271000 0.013111
0.272000 0.013124
0.273000 0.013137
0.274000 0.013150
0.275000 0.013163
0.276000 0.013177
0.277000 0.013190
0.278000 0.013203
0.279000 0.013216
0.280000 0.013229
0.281000 0.013243
0.282000 0.013256
0.283000 0.013269
0.284000 0.013282
0.285000 0.013296
0.286000 0.013309
0.287000 0.013322
0.288000 0.013336
0.289000 0.013349
0.290000 0.013362
0.291000 0.013376
0.292000 0.013389
0.293000 0.013402
0.294000 0.013416
0.295000 0.013429
0.296000 0.013443
0.297000 0.013456
0.298000 0.013470
0.299000 0.013483
0.300000 0.013497
0.301000 0.013510
0.302000 0.013524
0.303000 0.013537
0.304000 0.013551
0.305000 0.013564
0.306000 0.013578
0.307000 0.013591
0.308000 0.013605
0.309000 0.013619
0.310000 0.013632
0.311000 0.013646
0.312000 0.013659
0.313000 0.013673
0.314000 0.013687
0.315000 0.013700
0.316000 0.013714
0.317000 0.013728
0.318000 0.013742
0.319000 0.013755
0.320000 0.013769
0.321000 0.013783
0.322000 0.013797
0.323000 0.013810
0.324000 0.013824
0.325000 0.013838
0.326000 0.013852
0.327000 0.013866
0.328000 0.013880
0.329000 0.013893
0.330000 0.013907
0.331000 0.013921
0.332000 0.013935
0.333000 0.013949
0.334000 0.013963
0.335000 0.013977
0.336000 0.013991
0.337000 0.014005
0.338000 0.014019
0.339000 0.014033
0.340000 0.014047
0.341000 0.014061
0.342000 0.014075
0.343000 0.014089
0.344000 0.014103
0.345000 0.014117
0.346000 0.014132
0.347000 0.014146
0.348000 0.014160
0.349000 0.014174
0.350000 0.014188
0.351000 0.014202
0.352000 0.014217
0.353000 0.014231
0.354000 0.014245
0.355000 0.014259
0.356000 0.014274
0.357000 0.014288
0.358000 0.014302
0.359000 0.014316
0.360000 0.014331
0.361000 0.014345
0.362000 0.014359
0.363000 0.014374
0.364000 0.014388
0.365000 0.014403
0.366000 0.014417
0.367000 0.014431
0.368000 0.014446
0.369000 0.014460
0.370000 0.014475
0.371000 0.014489
0.372000 0.014504
0.373000 0.014518
0.374000 0.014533
0.375000 0.014547
0.376000 0.014562
0.377000 0.014576
0.378000 0.014591
0.379000 0.014605
0.380000 0.014620
0.381000 0.014635
0.382000 0.014649
0.383000 0.014664
0.384000 0.014679
0.385000 0.014693
0.386000 0.014708
0.387000 0.014723
0.388000 0.014737
0.389000 0.014752
0.390000 0.014767
0.391000 0.014782
0.392000 0.014796
0.393000 0.014811
0.394000 0.014826
0.395000 0.014841
0.396000 0.014856
0.397000 0.014871
0.398000 0.014885
0.399000 0.014900
0.400000 0.014915
0.401000 0.014930
0.402000 0.014945
0.403000 0.014960
0.404000 0.014975
0.405000 0.014990
0.406000 0.015005
0.407000 0.015020
0.408000 0.015035
0.409000 0.015050
0.410000 0.015065
0.411000 0.015080
0.412000 0.015095
0.413000 0.015110
0.414000 0.015125
0.415000 0.015141
0.416000 0.015156
0.417000 0.015171
0.418000 0.015186
0.419000 0.015201
0.420000 0.015216
0.421000 0.015232
0.422000 0.015247
0.423000 0.015262
0.424000 0.015277
0.425000 0.015293
0.426000 0.015308
0.427000 0.015323
0.428000 0.015339
0.429000 0.015354
0.430000 0.015369
0.431000 0.015385
0.432000 0.015400
0.433000 0.015415
0.434000 0.015431
0.435000 0.015446
0.436000 0.015462
0.437000 0.015477
0.438000 0.015493
0.439000 0.015508
0.440000 0.015524
0.441000 0.015539
0.442000 0.015555
0.443000 0.015570
0.444000 0.015586
0.445000 0.015601
0.446000 0.015617
0.447000 0.015633
0.448000 0.015648
0.449000 0.015664
0.450000 0.015680
0.451000 0.015695
0.452000 0.015711
0.453000 0.015727
0.454000 0.015742
0.455000 0.015758
0.456000 0.015774
0.457000 0.015790
0.458000 0.015805
0.459000 0.015821
0.460000 0.015837
0.461000 0.015853
0.462000 0.015869
0.463000 0.015885
0.464000 0.015901
0.465000 0.015916
0.466000 0.015932
0.467000 0.015948
0.468000 0.015964
0.469000 0.015980
0.470000 0.015996
0.471000 0.016012
0.472000 0.016028
0.473000 0.016044
0.474000 0.016060
0.475000 0.016076
0.476000 0.016092
0.477000 0.016108
0.478000 0.016125
0.479000 0.016141
0.480000 0.016157
0.481000 0.016173
0.482000 0.016189
0.483000 0.016205
0.484000 0.016222
0.485000 0.016238
0.486000 0.016254
0.487000 0.016270
0.488000 0.016287
0.489000 0.016303
0.490000 0.016319
0.491000 0.016335
0.492000 0.016352
0.493000 0.016368
0.494000 0.016385
0.495000 0.016401
0.496000 0.016417
0.497000 0.016434
0.498000 0.016450
0.499000 0.016467
0.500000 0.016483
0.501000 0.016500
0.502000 0.016516
0.503000 0.016533
0.504000 0.016549
0.505000 0.016566
0.506000 0.016582
0.507000 0.016599
0.508000 0.016615
0.509000 0.016632
0.510000 0.016649
0.511000 0.016665
0.512000 0.016682
0.513000 0.016699
0.514000 0.016715
0.515000 0.016732
0.516000 0.016749
0.517000 0.016766
0.518000 0.016782
0.519000 0.016799
0.520000 0.016816
0.521000 0.016833
0.522000 0.016850
0.523000 0.016866
0.524000 0.016883
0.525000 0.016900
0.526000 0.016917
0.527000 0.016934
0.528000 0.016951
0.529000 0.016968
0.530000 0.016985
0.531000 0.017002
0.532000 0.017019
0.533000 0.017036
0.534000 0.017053
0.535000 0.017070
0.536000 0.017087
0.537000 0.017104
0.538000 0.017121
0.539000 0.017138
0.540000 0.017155
0.541000 0.017173
0.542000 0.017190
0.543000 0.017207
0.544000 0.017224
0.545000 0.017241
0.546000 0.017259
0.547000 0.017276
0.548000 0.017293
0.549000 0.017310
0.550000 0.017328
0.551000 0.017345
0.552000 0.017362
0.553000 0.017380
0.554000 0.017397
0.555000 0.017415
0.556000 0.017432
0.557000 0.017449
0.558000 0.017467
0.559000 0.017484
0.560000 0.017502
0.561000 0.017519
0.562000 0.017537
0.563000 0.017554
0.564000 0.017572
0.565000 0.017590
0.566000 0.017607
0.567000 0.017625
0.568000 0.017642
0.569000 0.017660
0.570000 0.017678
0.571000 0.017695
0.572000 0.017713
0.573000 0.017731
0.574000 0.017748
0.575000 0.017766
0.576000 0.017784
0.577000 0.017802
0.578000 0.017820
0.579000 0.017837
0.580000 0.017855
0.581000 0.017873
0.582000 0.017891
0.583000 0.017909
0.584000 0.017927
0.585000 0.017945
0.586000 0.017963
0.587000 0.017981
0.588000 0.017999
0.589000 0.018017
0.590000 0.018035
0.591000 0.018053
0.592000 0.018071
0.593000 0.018089
0.594000 0.018107
0.595000 0.018125
0.596000 0.018143
0.597000 0.018161
0.598000 0.018179
0.599000 0.018198
0.600000 0.018216
0.601000 0.018234
0.602000 0.018252
0.603000 0.018270
0.604000 0.018289
0.605000 0.018307
0.606000 0.018325
0.607000 0.018344
0.608000 0.018362
0.609000 0.018380
0.610000 0.018399
0.611000 0.018417
0.612000 0.018436
0.613000 0.018454
0.614000 0.018472
0.615000 0.018491
0.616000 0.018509
0.617000 0.018528
0.618000 0.018546
0.619000 0.018565
0.620000 0.018584
0.621000 0.018602
0.622000 0.018621
0.623000 0.018639
0.624000 0.018658
0.625000 0.018677
0.626000 0.018695
0.627000 0.018714
0.628000 0.018733
0.629000 0.018751
0.630000 0.018770
0.631000 0.018789
0.632000 0.018808
0.633000 0.018827
0.634000 0.018845
0.635000 0.018864
0.636000 0.018883
0.637000 0.018902
0.638000 0.018921
0.639000 0.018940
0.640000 0.018959
0.641000 0.018978
0.642000 0.018997
0.643000 0.019016
0.644000 0.019035
0.645000 0.019054
0.646000 0.019073
0.647000 0.019092
0.648000 0.019111
0.649000 0.019130
0.650000 0.019149
0.651000 0.019168
0.652000 0.019188
0.653000 0.019207
0.654000 0.019226
0.655000 0.019245
0.656000 0.019264
0.657000 0.019284
0.658000 0.019303
0.659000 0.019322
0.660000 0.019342
0.661000 0.019361
0.662000 0.019380
0.663000 0.019400
0.664000 0.019419
0.665000 0.019438
0.666000 0.019458
0.667000 0.019477
0.668000 0.019497
0.669000 0.019516
0.670000 0.019536
0.671000 0.019555
0.672000 0.019575
0.673000 0.019594
0.674000 0.019614
0.675000 0.019634
0.676000 0.019653
0.677000 0.019673
0.678000 0.019693
0.679000 0.019712
0.680000 0.019732
0.681000 0.019752
0.682000 0.019772
0.683000 0.019791
0.684000 0.019811
0.685000 0.019831
0.686000 0.019851
0.687000 0.019871
0.688000 0.019890
0.689000 0.019910
0.690000 0.019930
0.691000 0.019950
0.692000 0.019970
0.693000 0.019990
0.694000 0.020010
0.695000 0.020030
0.696000 0.020050
0.697000 0.020070
0.698000 0.020090
0.699000 0.020110
0.700000 0.020130
0.701000 0.020151
0.702000 0.020171
0.703000 0.020191
0.704000 0.020211
0.705000 0.020231
0.706000 0.020252
0.707000 0.020272
0.708000 0.020292
0.709000 0.020312
0.710000 0.020333
0.711000 0.020353
0.712000 0.020373
0.713000 0.020394
0.714000 0.020414
0.715000 0.020435
0.716000 0.020455
0.717000 0.020475
0.718000 0.020496
0.719000 0.020516
0.720000 0.020537
0.721000 0.020557
0.722000 0.020578
0.723000 0.020599
0.724000 0.020619
0.725000 0.020640
0.726000 0.020660
0.727000 0.020681
0.728000 0.020702
0.729000 0.020723
0.730000 0.020743
0.731000 0.020764
0.732000 0.020785
0.733000 0.020806
0.734000 0.020826
0.735000 0.020847
0.736000 0.020868
0.737000 0.020889
0.738000 0.020910
0.739000 0.020931
0.740000 0.020952
0.741000 0.020973
0.742000 0.020994
0.743000 0.021015
0.744000 0.021036
0.745000 0.021057
0.746000 0.021078
0.747000 0.021099
0.748000 0.021120
0.749000 0.021141
0.750000 0.021162
0.751000 0.021183
0.752000 0.021204
0.753000 0.021226
0.754000 0.021247
0.755000 0.021268
0.756000 0.021289
0.757000 0.021311
0.758000 0.021332
0.759000 0.021353
0.760000 0.021375
0.761000 0.021396
0.762000 0.021417
0.763000 0.021439
0.764000 0.021460
0.765000 0.021482
0.766000 0.021503
0.767000 0.021525
0.768000 0.021546
0.769000 0.021568
0.770000 0.021589
0.771000 0.021611
0.772000 0.021633
0.773000 0.021654
0.774000 0.021676
0.775000 0.021698
0.776000 0.021719
0.777000 0.021741
0.778000 0.021763
0.779000 0.021784
0.780000 0.021806
0.781000 0.021828
0.782000 0.021850
0.783000 0.021872
0.784000 0.021894
0.785000 0.021915
0.786000 0.021937
0.787000 0.021959
0.788000 0.021981
0.789000 0.022003
0.790000 0.022025
0.791000 0.022047
0.792000 0.022069
0.793000 0.022091
0.794000 0.022114
0.795000 0.022136
0.796000 0.022158
0.797000 0.022180
0.798000 0.022202
0.799000 0.022224
0.800000 0.022247
0.801000 0.022269
0.802000 0.022291
0.803000 0.022313
0.804000 0.022336
0.805000 0.022358
0.806000 0.022380
0.807000 0.022403
0.808000 0.022425
0.809000 0.022448
0.810000 0.022470
0.811000 0.022492
0.812000 0.022515
0.813000 0.022537
0.814000 0.022560
0.815000 0.022583
0.816000 0.022605
0.817000 0.022628
0.818000 0.022650
0.819000 0.022673
0.820000 0.022696
0.821000 0.022718
0.822000 0.022741
0.823000 0.022764
0.824000 0.022787
0.825000 0.022809
0.826000 0.022832
0.827000 0.022855
0.828000 0.022878
0.829000 0.022901
0.830000 0.022924
0.831000 0.022947
0.832000 0.022970
0.833000 0.022993
0.834000 0.023016
0.835000 0.023039
0.836000 0.023062
0.837000 0.023085
0.838000 0.023108
0.839000 0.023131
0.840000 0.023154
0.841000 0.023177
0.842000 0.023200
0.843000 0.023223
0.844000 0.023247
0.845000 0.023270
0.846000 0.023293
0.847000 0.023317
0.848000 0.023340
0.849000 0.023363
0.850000 0.023387
0.851000 0.023410
0.852000 0.023433
0.853000 0.023457
0.854000 0.023480
0.855000 0.023504
0.856000 0.023527
0.857000 0.023551
0.858000 0.023574
0.859000 0.023598
0.860000 0.023621
0.861000 0.023645
0.862000 0.023669
0.863000 0.023692
0.864000 0.023716
0.865000 0.023740
0.866000 0.023764
0.867000 0.023787
0.868000 0.023811
0.869000 0.023835
0.870000 0.023859
0.871000 0.023883
0.872000 0.023906
0.873000 0.023930
0.874000 0.023954
0.875000 0.023978
0.876000 0.024002
0.877000 0.024026
0.878000 0.024050
0.879000 0.024074
0.880000 0.024098
0.881000 0.024122
0.882000 0.024147
0.883000 0.024171
0.884000 0.024195
0.885000 0.024219
0.886000 0.024243
0.887000 0.024268
0.888000 0.024292
0.889000 0.024316
0.890000 0.024340
0.891000 0.024365
0.892000 0.024389
0.893000 0.024414
0.894000 0.024438
0.895000 0.024462
0.896000 0.024487
0.897000 0.024511
0.898000 0.024536
0.899000 0.024560
0.900000 0.024585
0.901000 0.024610
0.902000 0.024634
0.903000 0.024659
0.904000 0.024683
0.905000 0.024708
0.906000 0.024733
0.907000 0.024758
0.908000 0.024782
0.909000 0.024807
0.910000 0.024832
0.911000 0.024857
0.912000 0.024882
0.913000 0.024907
0.914000 0.024931
0.915000 0.024956
0.916000 0.024981
0.917000 0.025006
0.918000 0.025031
0.919000 0.025056
0.920000 0.025081
0.921000 0.025106
0.922000 0.025132
0.923000 0.025157
0.924000 0.025182
0.925000 0.025207
0.926000 0.025232
0.927000 0.025257
0.928000 0.025283
0.929000 0.025308
0.930000 0.025333
0.931000 0.025359
0.932000 0.025384
0.933000 0.025409
0.934000 0.025435
0.935000 0.025460
0.936000 0.025486
0.937000 0.025511
0.938000 0.025537
0.939000 0.025562
0.940000 0.025588
0.941000 0.025613
0.942000 0.025639
0.943000 0.025665
0.944000 0.025690
0.945000 0.025716
0.946000 0.025742
0.947000 0.025767
0.948000 0.025793
0.949000 0.025819
0.950000 0.025845
0.951000 0.025871
0.952000 0.025897
0.953000 0.025922
0.954000 0.025948
0.955000 0.025974
0.956000 0.026000
0.957000 0.026026
0.958000 0.026052
0.959000 0.026078
0.960000 0.026104
0.961000 0.026131
0.962000 0.026157
0.963000 0.026183
0.964000 0.026209
0.965000 0.026235
0.966000 0.026261
0.967000 0.026288
0.968000 0.026314
0.969000 0.026340
0.970000 0.026367
0.971000 0.026393
0.972000 0.026419
0.973000 0.026446
0.974000 0.026472
0.975000 0.026499
0.976000 0.026525
0.977000 0.026552
0.978000 0.026578
0.979000 0.026605
0.980000 0.026632
0.981000 0.026658
0.982000 0.026685
0.983000 0.026711
0.984000 0.026738
0.985000 0.026765
0.986000 0.026792
0.987000 0.026818
0.988000 0.026845
0.989000 0.026872
0.990000 0.026899
0.991000 0.026926
0.992000 0.026953
0.993000 0.026980
0.994000 0.027007
0.995000 0.027034
0.996000 0.027061
0.997000 0.027088
0.998000 0.027115
0.999000 0.027142
1.000000 0.027169
1.001000 0.027196
1.002000 0.027224
1.003000 0.027251
1.004000 0.027278
1.005000 0.027305
1.006000 0.027333
1.007000 0.027360
1.008000 0.027387
1.009000 0.027415
1.010000 0.027442
1.011000 0.027470
1.012000 0.027497
1.013000 0.027525
1.014000 0.027552
1.015000 0.027580
1.016000 0.027607
1.017000 0.027635
1.018000 0.027662
1.019000 0.027690
1.020000 0.027718
1.021000 0.027746
1.022000 0.027773
1.023000 0.027801
1.024000 0.027829
1.025000 0.027857
1.026000 0.027885
1.027000 0.027912
1.028000 0.027940
1.029000 0.027968
1.030000 0.027996
1.031000 0.028024
1.032000 0.028052
1.033000 0.028080
1.034000 0.028108
1.035000 0.028137
1.036000 0.028165
1.037000 0.028193
1.038000 0.028221
1.039000 0.028249
1.040000 0.028277
1.041000 0.028306
1.042000 0.028334
1.043000 0.028362
1.044000 0.028391
1.045000 0.028419
1.046000 0.028448
1.047000 0.028476
1.048000 0.028504
1.049000 0.028533
1.050000 0.028562
1.051000 0.028590
1.052000 0.028619
1.053000 0.028647
1.054000 0.028676
1.055000 0.028705
1.056000 0.028733
1.057000 0.028762
1.058000 0.028791
1.059000 0.028820
1.060000 0.028848
1.061000 0.028877
1.062000 0.028906
1.063000 0.028935
1.064000 0.028964
1.065000 0.028993
1.066000 0.029022
1.067000 0.029051
1.068000 0.029080
1.069000 0.029109
1.070000 0.029138
1.071000 0.029167
1.072000 0.029197
1.073000 0.029226
1.074000 0.029255
1.075000 0.029284
1.076000 0.029313
1.077000 0.029343
1.078000 0.029372
1.079000 0.029402
1.080000 0.029431
1.081000 0.029460
1.082000 0.029490
1.083000 0.029519
1.084000 0.029549
1.085000 0.029578
1.086000 0.029608
1.087000 0.029638
1.088000 0.029667
1.089000 0.029697
1.090000 0.029727
1.091000 0.029756
1.092000 0.029786
1.093000 0.029816
1.094000 0.029846
1.095000 0.029875
1.096000 0.029905
1.097000 0.029935
1.098000 0.029965
1.099000 0.029995
1.100000 0.030025
1.101000 0.030055
1.102000 0.030085
1.103000 0.030115
1.104000 0.030145
1.105000 0.030176
1.106000 0.030206
1.107000 0.030236
1.108000 0.030266
1.109000 0.030296
1.110000 0.030327
1.111000 0.030357
1.112000 0.030387
1.113000 0.030418
1.114000 0.030448
1.115000 0.030479
1.116000 0.030509
1.117000 0.030540
1.118000 0.030570
1.119000 0.030601
1.120000 0.030631
1.121000 0.030662
1.122000 0.030693
1.123000 0.030723
1.124000 0.030754
1.125000 0.030785
1.126000 0.030816
1.127000 0.030846
1.128000 0.030877
1.129000 0.030908
1.130000 0.030939
1.131000 0.030970
1.132000 0.031001
1.133000 0.031032
1.134000 0.031063
1.135000 0.031094
1.136000 0.031125
1.137000 0.031156
1.138000 0.031187
1.139000 0.031219
1.140000 0.031250
1.141000 0.031281
1.142000 0.031312
1.143000 0.031344
1.144000 0.031375
1.145000 0.031406
1.146000 0.031438
1.147000 0.031469
1.148000 0.031501
1.149000 0.031532
1.150000 0.031564
1.151000 0.031595
1.152000 0.031627
1.153000 0.031659
1.154000 0.031690
1.155000 0.031722
1.156000 0.031754
1.157000 0.031785
1.158000 0.031817
1.159000 0.031849
1.160000 0.031881
1.161000 0.031913
1.162000 0.031945
1.163000 0.031977
1.164000 0.032009
1.165000 0.032041
1.166000 0.032073
1.167000 0.032105
1.168000 0.032137
1.169000 0.032169
1.170000 0.032201
1.171000 0.032233
1.172000 0.032266
1.173000 0.032298
1.174000 0.032330
1.175000 0.032362
1.176000 0.032395
1.177000 0.032427
1.178000 0.032460
1.179000 0.032492
1.180000 0.032525
1.181000 0.032557
1.182000 0.032590
1.183000 0.032622
1.184000 0.032655
1.185000 0.032688
1.186000 0.032720
1.187000 0.032753
1.188000 0.032786
1.189000 0.032818
1.190000 0.032851
1.191000 0.032884
1.192000 0.032917
1.193000 0.032950
1.194000 0.032983
1.195000 0.033016
1.196000 0.033049
1.197000 0.033082
1.198000 0.033115
1.199000 0.033148
1.200000 0.033181
1.201000 0.033214
1.202000 0.033248
1.203000 0.033281
1.204000 0.033314
1.205000 0.033348
1.206000 0.033381
1.207000 0.033414
1.208000 0.033448
1.209000 0.033481
1.210000 0.033515
1.211000 0.033548
1.212000 0.033582
1.213000 0.033615
1.214000 0.033649
1.215000 0.033682
1.216000 0.033716
1.217000 0.033750
1.218000 0.033784
1.219000 0.033817
1.220000 0.033851
1.221000 0.033885
1.222000 0.033919
1.223000 0.033953
1.224000 0.033987
1.225000 0.034021
1.226000 0.034055
1.227000 0.034089
1.228000 0.034123
1.229000 0.034157
1.230000 0.034191
1.231000 0.034225
1.232000 0.034260
1.233000 0.034294
1.234000 0.034328
1.235000 0.034363
1.236000 0.034397
1.237000 0.034431
1.238000 0.034466
1.239000 0.034500
1.240000 0.034535
1.241000 0.034569
1.242000 0.034604
1.243000 0.034638
1.244000 0.034673
1.245000 0.034708
1.246000 0.034742
1.247000 0.034777
1.248000 0.034812
1.249000 0.034847
1.250000 0.034882
1.251000 0.034917
1.252000 0.034951
1.253000 0.034986
1.254000 0.035021
1.255000 0.035056
1.256000 0.035091
1.257000 0.035127
1.258000 0.035162
1.259000 0.035197
1.260000 0.035232
1.261000 0.035267
1.262000 0.035303
1.263000 0.035338
1.264000 0.035373
1.265000 0.035409
1.266000 0.035444
1.267000 0.035479
1.268000 0.035515
1.269000 0.035550
1.270000 0.035586
1.271000 0.035622
1.272000 0.035657
1.273000 0.035693
1.274000 0.035728
1.275000 0.035764
1.276000 0.035800
1.277000 0.035836
1.278000 0.035872
1.279000 0.035907
1.280000 0.035943
1.281000 0.035979
1.282000 0.036015
1.283000 0.036051
1.284000 0.036087
1.285000 0.036123
1.286000 0.036160
1.287000 0.036196
1.288000 0.036232
1.289000 0.036268
1.290000 0.036304
1.291000 0.036341
1.292000 0.036377
1.293000 0.036413
1.294000 0.036450
1.295000 0.036486
1.296000 0.036523
1.297000 0.036559
1.298000 0.036596
1.299000 0.036633
1.300000 0.036669
1.301000 0.036706
1.302000 0.036743
1.303000 0.036779
1.304000 0.036816
1.305000 0.036853
1.306000 0.036890
1.307000 0.036927
1.308000 0.036964
1.309000 0.037000
1.310000 0.037037
1.311000 0.037075
1.312000 0.037112
1.313000 0.037149
1.314000 0.037186
1.315000 0.037223
1.316000 0.037260
1.317000 0.037298
1.318000 0.037335
1.319000 0.037372
1.320000 0.037410
1.321000 0.037447
1.322000 0.037484
1.323000 0.037522
1.324000 0.037559
1.325000 0.037597
1.326000 0.037635
1.327000 0.037672
1.328000 0.037710
1.329000 0.037748
1.330000 0.037785
1.331000 0.037823
1.332000 0.037861
1.333000 0.037899
1.334000 0.037937
1.335000 0.037975
1.336000 0.038013
1.337000 0.038051
1.338000 0.038089
1.339000 0.038127
1.340000 0.038165
1.341000 0.038203
1.342000 0.038241
1.343000 0.038279
1.344000 0.038318
1.345000 0.038356
1.346000 0.038394
1.347000 0.038433
1.348000 0.038471
1.349000 0.038510
1.350000 0.038548
1.351000 0.038587
1.352000 0.038625
1.353000 0.038664
1.354000 0.038703
1.355000 0.038741
1.356000 0.038780
1.357000 0.038819
1.358000 0.038858
1.359000 0.038897
1.360000 0.038935
1.361000 0.038974
1.362000 0.039013
1.363000 0.039052
1.364000 0.039091
1.365000 0.039131
1.366000 0.039170
1.367000 0.039209
1.368000 0.039248
1.369000 0.039287
1.370000 0.039327
1.371000 0.039366
1.372000 0.039405
1.373000 0.039445
1.374000 0.039484
1.375000 0.039524
1.376000 0.039563
1.377000 0.039603
1.378000 0.039642
1.379000 0.039682
1.380000 0.039722
1.381000 0.039761
1.382000 0.039801
1.383000 0.039841
1.384000 0.039881
1.385000 0.039921
1.386000 0.039961
1.387000 0.040001
1.388000 0.040041
1.389000 0.040081
1.390000 0.040121
1.391000 0.040161
1.392000 0.040201
1.393000 0.040241
1.394000 0.040281
1.395000 0.040322
1.396000 0.040362
1.397000 0.040402
1.398000 0.040443
1.399000 0.040483
1.400000 0.040524
1.401000 0.040564
1.402000 0.040605
1.403000 0.040645
1.404000 0.040686
1.405000 0.040727
1.406000 0.040767
1.407000 0.040808
1.408000 0.040849
1.409000 0.040890
1.410000 0.040931
1.411000 0.040972
1.412000 0.041013
1.413000 0.041054
1.414000 0.041095
1.415000 0.041136
1.416000 0.041177
1.417000 0.041218
1.418000 0.041259
1.419000 0.041301
1.420000 0.041342
1.421000 0.041383
1.422000 0.041425
1.423000 0.041466
1.424000 0.041507
1.425000 0.041549
1.426000 0.041591
1.427000 0.041632
1.428000 0.041674
1.429000 0.041715
1.430000 0.041757
1.431000 0.041799
1.432000 0.041841
1.433000 0.041883
1.434000 0.041924
1.435000 0.041966
1.436000 0.042008
1.437000 0.042050
1.438000 0.042092
1.439000 0.042134
1.440000 0.042177
1.441000 0.042219
1.442000 0.042261
1.443000 0.042303
1.444000 0.042346
1.445000 0.042388
1.446000 0.042430
1.447000 0.042473
1.448000 0.042515
1.449000 0.042558
1.450000 0.042600
1.451000 0.042643
1.452000 0.042686
1.453000 0.042728
1.454000 0.042771
1.455000 0.042814
1.456000 0.042857
1.457000 0.042899
1.458000 0.042942
1.459000 0.042985
1.460000 0.043028
1.461000 0.043071
1.462000 0.043114
1.463000 0.043157
1.464000 0.043201
1.465000 0.043244
1.466000 0.043287
1.467000 0.043330
1.468000 0.043374
1.469000 0.043417
1.470000 0.043460
1.471000 0.043504
1.472000 0.043547
1.473000 0.043591
1.474000 0.043635
1.475000 0.043678
1.476000 0.043722
1.477000 0.043766
1.478000 0.043809
1.479000 0.043853
1.480000 0.043897
1.481000 0.043941
1.482000 0.043985
1.483000 0.044029
1.484000 0.044073
1.485000 0.044117
1.486000 0.044161
1.487000 0.044205
1.488000 0.044249
1.489000 0.044294
1.490000 0.044338
1.491000 0.044382
1.492000 0.044427
1.493000 0.044471
1.494000 0.044516
1.495000 0.044560
1.496000 0.044605
1.497000 0.044649
1.498000 0.044694
1.499000 0.044739
1.500000 0.044783
1.501000 0.044828
1.502000 0.044873
1.503000 0.044918
1.504000 0.044963
1.505000 0.045008
1.506000 0.045053
1.507000 0.045098
1.508000 0.045143
1.509000 0.045188
1.510000 0.045233
1.511000 0.045278
1.512000 0.045324
1.513000 0.045369
1.514000 0.045414
1.515000 0.045460
1.516000 0.045505
1.517000 0.045551
1.518000 0.045596
1.519000 0.045642
1.520000 0.045688
1.521000 0.045733
1.522000 0.045779
1.523000 0.045825
1.524000 0.045871
1.525000 0.045916
1.526000 0.045962
1.527000 0.046008
1.528000 0.046054
1.529000 0.046100
1.530000 0.046146
1.531000 0.046193
1.532000 0.046239
1.533000 0.046285
1.534000 0.046331
1.535000 0.046378
1.536000 0.046424
1.537000 0.046470
1.538000 0.046517
1.539000 0.046563
1.540000 0.046610
1.541000 0.046657
1.542000 0.046703
1.543000 0.046750
1.544000 0.046797
1.545000 0.046844
1.546000 0.046890
1.547000 0.046937
1.548000 0.046984
1.549000 0.047031
1.550000 0.047078
1.551000 0.047125
1.552000 0.047172
1.553000 0.047220
1.554000 0.047267
1.555000 0.047314
1.556000 0.047361
1.557000 0.047409
1.558000 0.047456
1.559000 0.047504
1.560000 0.047551
1.561000 0.047599
1.562000 0.047646
1.563000 0.047694
1.564000 0.047742
1.565000 0.047789
1.566000 0.047837
1.567000 0.047885
1.568000 0.047933
1.569000 0.047981
1.570000 0.048029
1.571000 0.048077
1.572000 0.048125
1.573000 0.048173
1.574000 0.048221
1.575000 0.048269
1.576000 0.048318
1.577000 0.048366
1.578000 0.048414
1.579000 0.048463
1.580000 0.048511
1.581000 0.048560
1.582000 0.048608
1.583000 0.048657
1.584000 0.048706
1.585000 0.048754
1.586000 0.048803
1.587000 0.048852
1.588000 0.048901
1.589000 0.048950
1.590000 0.048999
1.591000 0.049048
1.592000 0.049097
1.593000 0.049146
1.594000 0.049195
1.595000 0.049244
1.596000 0.049293
1.597000 0.049343
1.598000 0.049392
1.599000 0.049441
1.600000 0.049491
1.601000 0.049540
1.602000 0.049590
1.603000 0.049639
1.604000 0.049689
1.605000 0.049739
1.606000 0.049788
1.607000 0.049838
1.608000 0.049888
1.609000 0.049938
1.610000 0.049988
1.611000 0.050038
1.612000 0.050088
1.613000 0.050138
1.614000 0.050188
1.615000 0.050238
1.616000 0.050289
1.617000 0.050339
1.618000 0.050389
1.619000 0.050440
1.620000 0.050490
1.621000 0.050541
1.622000 0.050591
1.623000 0.050642
1.624000 0.050692
1.625000 0.050743
1.626000 0.050794
1.627000 0.050845
1.628000 0.050895
1.629000 0.050946
1.630000 0.050997
1.631000 0.051048
1.632000 0.051099
1.633000 0.051150
1.634000 0.051201
1.635000 0.051253
1.636000 0.051304
1.637000 0.051355
1.638000 0.051407
1.639000 0.051458
1.640000 0.051509
1.641000 0.051561
1.642000 0.051613
1.643000 0.051664
1.644000 0.051716
1.645000 0.051768
1.646000 0.051819
1.647000 0.051871
1.648000 0.051923
1.649000 0.051975
1.650000 0.052027
1.651000 0.052079
1.652000 0.052131
1.653000 0.052183
1.654000 0.052235
1.655000 0.052288
1.656000 0.052340
1.657000 0.052392
1.658000 0.052445
1.659000 0.052497
1.660000 0.052550
1.661000 0.052602
1.662000 0.052655
1.663000 0.052707
1.664000 0.052760
1.665000 0.052813
1.666000 0.052866
1.667000 0.052918
1.668000 0.052971
1.669000 0.053024
1.670000 0.053077
1.671000 0.053130
1.672000 0.053184
1.673000 0.053237
1.674000 0.053290
1.675000 0.053343
1.676000 0.053397
1.677000 0.053450
1.678000 0.053503
1.679000 0.053557
1.680000 0.053611
1.681000 0.053664
1.682000 0.053718
1.683000 0.053772
1.684000 0.053825
1.685000 0.053879
1.686000 0.053933
1.687000 0.053987
1.688000 0.054041
1.689000 0.054095
1.690000 0.054149
1.691000 0.054203
1.692000 0.054257
1.693000 0.054312
1.694000 0.054366
1.695000 0.054420
1.696000 0.054475
1.697000 0.054529
1.698000 0.054584
1.699000 0.054638
1.700000 0.054693
1.701000 0.054748
1.702000 0.054802
1.703000 0.054857
1.704000 0.054912
1.705000 0.054967
1.706000 0.055022
1.707000 0.055077
1.708000 0.055132
1.709000 0.055187
1.710000 0.055242
1.711000 0.055298
1.712000 0.055353
1.713000 0.055408
1.714000 0.055464
1.715000 0.055519
1.716000 0.055575
1.717000 0.055630
1.718000 0.055686
1.719000 0.055742
1.720000 0.055797
1.721000 0.055853
1.722000 0.055909
1.723000 0.055965
1.724000 0.056021
1.725000 0.056077
1.726000 0.056133
1.727000 0.056189
1.728000 0.056245
1.729000 0.056301
1.730000 0.056358
1.731000 0.056414
1.732000 0.056471
1.733000 0.056527
1.734000 0.056584
1.735000 0.056640
1.736000 0.056697
1.737000 0.056753
1.738000 0.056810
1.739000 0.056867
1.740000 0.056924
1.741000 0.056981
1.742000 0.057038
1.743000 0.057095
1.744000 0.057152
1.745000 0.057209
1.746000 0.057266
1.747000 0.057324
1.748000 0.057381
1.749000 0.057438
1.750000 0.057496
1.751000 0.057553
1.752000 0.057611
1.753000 0.057668
1.754000 0.057726
1.755000 0.057784
1.756000 0.057842
1.757000 0.057899
1.758000 0.057957
1.759000 0.058015
1.760000 0.058073
1.761000 0.058131
1.762000 0.058189
1.763000 0.058248
1.764000 0.058306
1.765000 0.058364
1.766000 0.058423
1.767000 0.058481
1.768000 0.058539
1.769000 0.058598
1.770000 0.058657
1.771000 0.058715
1.772000 0.058774
1.773000 0.058833
1.774000 0.058892
1.775000 0.058951
1.776000 0.059009
1.777000 0.059068
1.778000 0.059128
1.779000 0.059187
1.780000 0.059246
1.781000 0.059305
1.782000 0.059364
1.783000 0.059424
1.784000 0.059483
1.785000 0.059543
1.786000 0.059602
1.787000 0.059662
1.788000 0.059721
1.789000 0.059781
1.790000 0.059841
1.791000 0.059901
1.792000 0.059961
1.793000 0.060021
1.794000 0.060081
1.795000 0.060141
1.796000 0.060201
1.797000 0.060261
1.798000 0.060321
1.799000 0.060382
1.800000 0.060442
1.801000 0.060503
1.802000 0.060563
1.803000 0.060624
1.804000 0.060684
1.805000 0.060745
1.806000 0.060806
1.807000 0.060866
1.808000 0.060927
1.809000 0.060988
1.810000 0.061049
1.811000 0.061110
1.812000 0.061171
1.813000 0.061233
1.814000 0.061294
1.815000 0.061355
1.816000 0.061416
1.817000 0.061478
1.818000 0.061539
1.819000 0.061601
1.820000 0.061662
1.821000 0.061724
1.822000 0.061786
1.823000 0.061848
1.824000 0.061910
1.825000 0.061971
1.826000 0.062033
1.827000 0.062095
1.828000 0.062158
1.829000 0.062220
1.830000 0.062282
1.831000 0.062344
1.832000 0.062407
1.833000 0.062469
1.834000 0.062531
1.835000 0.062594
1.836000 0.062657
1.837000 0.062719
1.838000 0.062782
1.839000 0.062845
1.840000 0.062908
1.841000 0.062970
1.842000 0.063033
1.843000 0.063096
1.844000 0.063160
1.845000 0.063223
1.846000 0.063286
1.847000 0.063349
1.848000 0.063413
1.849000 0.063476
1.850000 0.063539
1.851000 0.063603
1.852000 0.063667
1.853000 0.063730
1.854000 0.063794
1.855000 0.063858
1.856000 0.063922
1.857000 0.063986
1.858000 0.064050
1.859000 0.064114
1.860000 0.064178
1.861000 0.064242
1.862000 0.064306
1.863000 0.064370
1.864000 0.064435
1.865000 0.064499
1.866000 0.064564
1.867000 0.064628
1.868000 0.064693
1.869000 0.064758
1.870000 0.064822
1.871000 0.064887
1.872000 0.064952
1.873000 0.065017
1.874000 0.065082
1.875000 0.065147
1.876000 0.065212
1.877000 0.065277
1.878000 0.065343
1.879000 0.065408
1.880000 0.065474
1.881000 0.065539
1.882000 0.065605
1.883000 0.065670
1.884000 0.065736
1.885000 0.065802
1.886000 0.065867
1.887000 0.065933
1.888000 0.065999
1.889000 0.066065
1.890000 0.066131
1.891000 0.066197
1.892000 0.066264
1.893000 0.066330
1.894000 0.066396
1.895000 0.066463
1.896000 0.066529
1.897000 0.066596
1.898000 0.066662
1.899000 0.066729
1.900000 0.066796
1.901000 0.066862
1.902000 0.066929
1.903000 0.066996
1.904000 0.067063
1.905000 0.067130
1.906000 0.067197
1.907000 0.067264
1.908000 0.067332
1.909000 0.067399
1.910000 0.067466
1.911000 0.067534
1.912000 0.067601
1.913000 0.067669
1.914000 0.067737
1.915000 0.067804
1.916000 0.067872
1.917000 0.067940
1.918000 0.068008
1.919000 0.068076
1.920000 0.068144
1.921000 0.068212
1.922000 0.068281
1.923000 0.068349
1.924000 0.068417
1.925000 0.068486
1.926000 0.068554
1.927000 0.068623
1.928000 0.068691
1.929000 0.068760
1.930000 0.068829
1.931000 0.068898
1.932000 0.068966
1.933000 0.069035
1.934000 0.069104
1.935000 0.069174
1.936000 0.069243
1.937000 0.069312
1.938000 0.069381
1.939000 0.069451
1.940000 0.069520
1.941000 0.069590
1.942000 0.069659
1.943000 0.069729
1.944000 0.069799
1.945000 0.069868
1.946000 0.069938
1.947000 0.070008
1.948000 0.070078
1.949000 0.070148
1.950000 0.070218
1.951000 0.070289
1.952000 0.070359
1.953000 0.070429
1.954000 0.070500
1.955000 0.070570
1.956000 0.070641
1.957000 0.070711
1.958000 0.070782
1.959000 0.070853
1.960000 0.070924
1.961000 0.070995
1.962000 0.071066
1.963000 0.071137
1.964000 0.071208
1.965000 0.071279
1.966000 0.071350
1.967000 0.071422
1.968000 0.071493
1.969000 0.071565
1.970000 0.071636
1.971000 0.071708
1.972000 0.071780
1.973000 0.071851
1.974000 0.071923
1.975000 0.071995
1.976000 0.072067
1.977000 0.072139
1.978000 0.072211
1.979000 0.072284
1.980000 0.072356
1.981000 0.072428
1.982000 0.072501
1.983000 0.072573
1.984000 0.072646
1.985000 0.072718
1.986000 0.072791
1.987000 0.072864
1.988000 0.072937
1.989000 0.073010
1.990000 0.073083
1.991000 0.073156
1.992000 0.073229
1.993000 0.073302
1.994000 0.073375
1.995000 0.073449
1.996000 0.073522
1.997000 0.073596
1.998000 0.073669
1.999000 0.073743
2.000000 0.073817
2.001000 0.073891
2.002000 0.073964
2.003000 0.074038
2.004000 0.074112
2.005000 0.074187
2.006000 0.074261
2.007000 0.074335
2.008000 0.074409
2.009000 0.074484
2.010000 0.074558
2.011000 0.074633
2.012000 0.074707
2.013000 0.074782
2.014000 0.074857
2.015000 0.074932
2.016000 0.075007
2.017000 0.075082
2.018000 0.075157
2.019000 0.075232
2.020000 0.075307
2.021000 0.075383
2.022000 0.075458
2.023000 0.075533
2.024000 0.075609
2.025000 0.075684
2.026000 0.075760
2.027000 0.075836
2.028000 0.075912
2.029000 0.075988
2.030000 0.076064
2.031000 0.076140
2.032000 0.076216
2.033000 0.076292
2.034000 0.076368
2.035000 0.076445
2.036000 0.076521
2.037000 0.076598
2.038000 0.076674
2.039000 0.076751
2.040000 0.076828
2.041000 0.076905
2.042000 0.076981
2.043000 0.077058
2.044000 0.077136
2.045000 0.077213
2.046000 0.077290
2.047000 0.077367
2.048000 0.077445
2.049000 0.077522
2.050000 0.077599
2.051000 0.077677
2.052000 0.077755
2.053000 0.077833
2.054000 0.077910
2.055000 0.077988
2.056000 0.078066
2.057000 0.078144
2.058000 0.078222
2.059000 0.078301
2.060000 0.078379
2.061000 0.078457
2.062000 0.078536
2.063000 0.078614
2.064000 0.078693
2.065000 0.078772
2.066000 0.078850
2.067000 0.078929
2.068000 0.079008
2.069000 0.079087
2.070000 0.079166
2.071000 0.079245
2.072000 0.079325
2.073000 0.079404
2.074000 0.079483
2.075000 0.079563
2.076000 0.079642
2.077000 0.079722
2.078000 0.079802
2.079000 0.079882
2.080000 0.079962
2.081000 0.080042
2.082000 0.080122
2.083000 0.080202
2.084000 0.080282
2.085000 0.080362
2.086000 0.080443
2.087000 0.080523
2.088000 0.080603
2.089000 0.080684
2.090000 0.080765
2.091000 0.080846
2.092000 0.080926
2.093000 0.081007
2.094000 0.081088
2.095000 0.081169
2.096000 0.081251
2.097000 0.081332
2.098000 0.081413
2.099000 0.081495
2.100000 0.081576
2.101000 0.081658
2.102000 0.081739
2.103000 0.081821
2.104000 0.081903
2.105000 0.081985
2.106000 0.082067
2.107000 0.082149
2.108000 0.082231
2.109000 0.082313
2.110000 0.082395
2.111000 0.082478
2.112000 0.082560
2.113000 0.082643
2.114000 0.082726
2.115000 0.082808
2.116000 0.082891
2.117000 0.082974
2.118000 0.083057
2.119000 0.083140
2.120000 0.083223
2.121000 0.083306
2.122000 0.083390
2.123000 0.083473
2.124000 0.083557
2.125000 0.083640
2.126000 0.083724
2.127000 0.083807
2.128000 0.083891
2.129000 0.083975
2.130000 0.084059
2.131000 0.084143
2.132000 0.084227
2.133000 0.084312
2.134000 0.084396
2.135000 0.084480
2.136000 0.084565
2.137000 0.084649
2.138000 0.084734
2.139000 0.084819
2.140000 0.084904
2.141000 0.084988
2.142000 0.085073
2.143000 0.085159
2.144000 0.085244
2.145000 0.085329
2.146000 0.085414
2.147000 0.085500
2.148000 0.085585
2.149000 0.085671
2.150000 0.085756
2.151000 0.085842
2.152000 0.085928
2.153000 0.086014
2.154000 0.086100
2.155000 0.086186
2.156000 0.086272
2.157000 0.086359
2.158000 0.086445
2.159000 0.086531
2.160000 0.086618
2.161000 0.086704
2.162000 0.086791
2.163000 0.086878
2.164000 0.086965
2.165000 0.087052
2.166000 0.087139
2.167000 0.087226
2.168000 0.087313
2.169000 0.087401
2.170000 0.087488
2.171000 0.087575
2.172000 0.087663
2.173000 0.087751
2.174000 0.087838
2.175000 0.087926
2.176000 0.088014
2.177000 0.088102
2.178000 0.088190
2.179000 0.088278
2.180000 0.088367
2.181000 0.088455
2.182000 0.088544
2.183000 0.088632
2.184000 0.088721
2.185000 0.088809
2.186000 0.088898
2.187000 0.088987
2.188000 0.089076
2.189000 0.089165
2.190000 0.089254
2.191000 0.089344
2.192000 0.089433
2.193000 0.089522
2.194000 0.089612
2.195000 0.089702
2.196000 0.089791
2.197000 0.089881
2.198000 0.089971
2.199000 0.090061
2.200000 0.090151
2.201000 0.090241
2.202000 0.090331
2.203000 0.090422
2.204000 0.090512
2.205000 0.090603
2.206000 0.090693
2.207000 0.090784
2.208000 0.090875
2.209000 0.090966
2.210000 0.091057
2.211000 0.091148
2.212000 0.091239
2.213000 0.091330
2.214000 0.091421
2.215000 0.091513
2.216000 0.091604
2.217000 0.091696
2.218000 0.091788
2.219000 0.091879
2.220000 0.091971
2.221000 0.092063
2.222000 0.092155
2.223000 0.092247
2.224000 0.092340
2.225000 0.092432
2.226000 0.092524
2.227000 0.092617
2.228000 0.092710
2.229000 0.092802
2.230000 0.092895
2.231000 0.092988
2.232000 0.093081
2.233000 0.093174
2.234000 0.093267
2.235000 0.093360
2.236000 0.093454
2.237000 0.093547
2.238000 0.093641
2.239000 0.093735
2.240000 0.093828
2.241000 0.093922
2.242000 0.094016
2.243000 0.094110
2.244000 0.094204
2.245000 0.094298
2.246000 0.094393
2.247000 0.094487
2.248000 0.094581
2.249000 0.094676
2.250000 0.094771
2.251000 0.094866
2.252000 0.094960
2.253000 0.095055
2.254000 0.095150
2.255000 0.095246
2.256000 0.095341
2.257000 0.095436
2.258000 0.095532
2.259000 0.095627
2.260000 0.095723
2.261000 0.095818
2.262000 0.095914
2.263000 0.096010
2.264000 0.096106
2.265000 0.096202
2.266000 0.096299
2.267000 0.096395
2.268000 0.096491
2.269000 0.096588
2.270000 0.096684
2.271000 0.096781
2.272000 0.096878
2.273000 0.096975
2.274000 0.097072
2.275000 0.097169
2.276000 0.097266
2.277000 0.097363
2.278000 0.097460
2.279000 0.097558
2.280000 0.097655
2.281000 0.097753
2.282000 0.097851
2.283000 0.097949
2.284000 0.098047
2.285000 0.098145
2.286000 0.098243
2.287000 0.098341
2.288000 0.098439
2.289000 0.098538
2.290000 0.098636
2.291000 0.098735
2.292000 0.098834
2.293000 0.098933
2.294000 0.099032
2.295000 0.099131
2.296000 0.099230
2.297000 0.099329
2.298000 0.099428
2.299000 0.099528
2.300000 0.099627
2.301000 0.099727
2.302000 0.099827
2.303000 0.099926
2.304000 0.100026
2.305000 0.100126
2.306000 0.100227
2.307000 0.100327
2.308000 0.100427
2.309000 0.100528
2.310000 0.100628
2.311000 0.100729
2.312000 0.100829
2.313000 0.100930
2.314000 0.101031
2.315000 0.101132
2.316000 0.101233
2.317000 0.101335
2.318000 0.101436
2.319000 0.101537
2.320000 0.101639
2.321000 0.101740
2.322000 0.101842
2.323000 0.101944
2.324000 0.102046
2.325000 0.102148
2.326000 0.102250
2.327000 0.102352
2.328000 0.102455
2.329000 0.102557
2.330000 0.102660
2.331000 0.102762
2.332000 0.102865
2.333000 0.102968
2.334000 0.103071
2.335000 0.103174
2.336000 0.103277
2.337000 0.103381
2.338000 0.103484
2.339000 0.103587
2.340000 0.103691
2.341000 0.103795
2.342000 0.103899
2.343000 0.104002
2.344000 0.104106
2.345000 0.104211
2.346000 0.104315
2.347000 0.104419
2.348000 0.104523
2.349000 0.104628
2.350000 0.104733
2.351000 0.104837
2.352000 0.104942
2.353000 0.105047
2.354000 0.105152
2.355000 0.105257
2.356000 0.105363
2.357000 0.105468
2.358000 0.105573
2.359000 0.105679
2.360000 0.105785
2.361000 0.105890
2.362000 0.105996
2.363000 0.106102
2.364000 0.106208
2.365000 0.106315
2.366000 0.106421
2.367000 0.106527
2.368000 0.106634
2.369000 0.106741
2.370000 0.106847
2.371000 0.106954
2.372000 0.107061
2.373000 0.107168
2.374000 0.107275
2.375000 0.107383
2.376000 0.107490
2.377000 0.107597
2.378000 0.107705
2.379000 0.107813
2.380000 0.107921
2.381000 0.108029
2.382000 0.108137
2.383000 0.108245
2.384000 0.108353
2.385000 0.108461
2.386000 0.108570
2.387000 0.108678
2.388000 0.108787
2.389000 0.108896
2.390000 0.109005
2.391000 0.109114
2.392000 0.109223
2.393000 0.109332
2.394000 0.109441
2.395000 0.109551
2.396000 0.109660
2.397000 0.109770
2.398000 0.109880
2.399000 0.109990
2.400000 0.110100
2.401000 0.110210
2.402000 0.110320
2.403000 0.110430
2.404000 0.110541
2.405000 0.110651
2.406000 0.110762
2.407000 0.110873
2.408000 0.110984
2.409000 0.111095
2.410000 0.111206
2.411000 0.111317
2.412000 0.111428
2.413000 0.111540
2.414000 0.111651
2.415000 0.111763
2.416000 0.111875
2.417000 0.111986
2.418000 0.112098
2.419000 0.112210
2.420000 0.112323
2.421000 0.112435
2.422000 0.112547
2.423000 0.112660
2.424000 0.112773
2.425000 0.112885
2.426000 0.112998
2.427000 0.113111
2.428000 0.113224
2.429000 0.113338
2.430000 0.113451
2.431000 0.113564
2.432000 0.113678
2.433000 0.113792
2.434000 0.113905
2.435000 0.114019
2.436000 0.114133
2.437000 0.114248
2.438000 0.114362
2.439000 0.114476
2.440000 0.114591
2.441000 0.114705
2.442000 0.114820
2.443000 0.114935
2.444000 0.115050
2.445000 0.115165
2.446000 0.115280
2.447000 0.115395
2.448000 0.115511
2.449000 0.115626
2.450000 0.115742
2.451000 0.115857
2.452000 0.115973
2.453000 0.116089
2.454000 0.116205
2.455000 0.116322
2.456000 0.116438
2.457000 0.116554
2.458000 0.116671
2.459000 0.116788
2.460000 0.116904
2.461000 0.117021
2.462000 0.117138
2.463000 0.117255
2.464000 0.117373
2.465000 0.117490
2.466000 0.117608
2.467000 0.117725
2.468000 0.117843
2.469000 0.117961
2.470000 0.118079
2.471000 0.118197
2.472000 0.118315
2.473000 0.118433
2.474000 0.118552
2.475000 0.118670
2.476000 0.118789
2.477000 0.118908
2.478000 0.119027
2.479000 0.119146
2.480000 0.119265
2.481000 0.119384
2.482000 0.119503
2.483000 0.119623
2.484000 0.119743
2.485000 0.119862
2.486000 0.119982
2.487000 0.120102
2.488000 0.120222
2.489000 0.120342
2.490000 0.120463
2.491000 0.120583
2.492000 0.120704
2.493000 0.120825
2.494000 0.120945
2.495000 0.121066
2.496000 0.121187
2.497000 0.121309
2.498000 0.121430
2.499000 0.121551
2.500000 0.121673
2.501000 0.121795
2.502000 0.121916
2.503000 0.122038
2.504000 0.122160
2.505000 0.122282
2.506000 0.122405
2.507000 0.122527
2.508000 0.122650
2.509000 0.122772
2.510000 0.122895
2.511000 0.123018
2.512000 0.123141
2.513000 0.123264
2.514000 0.123387
2.515000 0.123511
2.516000 0.123634
2.517000 0.123758
2.518000 0.123882
2.519000 0.124006
2.520000 0.124130
2.521000 0.124254
2.522000 0.124378
2.523000 0.124502
2.524000 0.124627
2.525000 0.124751
2.526000 0.124876
2.527000 0.125001
2.528000 0.125126
2.529000 0.125251
2.530000 0.125376
2.531000 0.125502
2.532000 0.125627
2.533000 0.125753
2.534000 0.125879
2.535000 0.126005
2.536000 0.126131
2.537000 0.126257
2.538000 0.126383
2.539000 0.126509
2.540000 0.126636
2.541000 0.126763
2.542000 0.126889
2.543000 0.127016
2.544000 0.127143
2.545000 0.127270
2.546000 0.127398
2.547000 0.127525
2.548000 0.127653
2.549000 0.127780
2.550000 0.127908
2.551000 0.128036
2.552000 0.128164
2.553000 0.128292
2.554000 0.128420
2.555000 0.128549
2.556000 0.128677
2.557000 0.128806
2.558000 0.128935
2.559000 0.129064
2.560000 0.129193
2.561000 0.129322
2.562000 0.129451
2.563000 0.129581
2.564000 0.129710
2.565000 0.129840
2.566000 0.129970
2.567000 0.130100
2.568000 0.130230
2.569000 0.130360
2.570000 0.130491
2.571000 0.130621
2.572000 0.130752
2.573000 0.130882
2.574000 0.131013
2.575000 0.131144
2.576000 0.131275
2.577000 0.131407
2.578000 0.131538
2.579000 0.131670
2.580000 0.131801
2.581000 0.131933
2.582000 0.132065
2.583000 0.132197
2.584000 0.132329
2.585000 0.132462
2.586000 0.132594
2.587000 0.132727
2.588000 0.132859
2.589000 0.132992
2.590000 0.133125
2.591000 0.133258
2.592000 0.133392
2.593000 0.133525
2.594000 0.133659
2.595000 0.133792
2.596000 0.133926
2.597000 0.134060
2.598000 0.134194
2.599000 0.134328
2.600000 0.134463
2.601000 0.134597
2.602000 0.134732
2.603000 0.134866
2.604000 0.135001
2.605000 0.135136
2.606000 0.135271
2.607000 0.135407
2.608000 0.135542
2.609000 0.135678
2.610000 0.135813
2.611000 0.135949
2.612000 0.136085
2.613000 0.136221
2.614000 0.136357
2.615000 0.136494
2.616000 0.136630
2.617000 0.136767
2.618000 0.136904
2.619000 0.137040
2.620000 0.137178
2.621000 0.137315
2.622000 0.137452
2.623000 0.137589
2.624000 0.137727
2.625000 0.137865
2.626000 0.138003
2.627000 0.138141
2.628000 0.138279
2.629000 0.138417
2.630000 0.138556
2.631000 0.138694
2.632000 0.138833
2.633000 0.138972
2.634000 0.139111
2.635000 0.139250
2.636000 0.139389
2.637000 0.139528
2.638000 0.139668
2.639000 0.139807
2.640000 0.139947
2.641000 0.140087
2.642000 0.140227
2.643000 0.140368
2.644000 0.140508
2.645000 0.140648
2.646000 0.140789
2.647000 0.140930
2.648000 0.141071
2.649000 0.141212
2.650000 0.141353
2.651000 0.141494
2.652000 0.141636
2.653000 0.141778
2.654000 0.141919
2.655000 0.142061
2.656000 0.142203
2.657000 0.142346
2.658000 0.142488
2.659000 0.142630
2.660000 0.142773
2.661000 0.142916
2.662000 0.143059
2.663000 0.143202
2.664000 0.143345
2.665000 0.143488
2.666000 0.143632
2.667000 0.143775
2.668000 0.143919
2.669000 0.144063
2.670000 0.144207
2.671000 0.144351
2.672000 0.144496
2.673000 0.144640
2.674000 0.144785
2.675000 0.144930
2.676000 0.145075
2.677000 0.145220
2.678000 0.145365
2.679000 0.145510
2.680000 0.145656
2.681000 0.145801
2.682000 0.145947
2.683000 0.146093
2.684000 0.146239
2.685000 0.146385
2.686000 0.146532
2.687000 0.146678
2.688000 0.146825
2.689000 0.146972
2.690000 0.147119
2.691000 0.147266
2.692000 0.147413
2.693000 0.147561
2.694000 0.147708
2.695000 0.147856
2.696000 0.148004
2.697000 0.148152
2.698000 0.148300
2.699000 0.148448
2.700000 0.148597
2.701000 0.148745
2.702000 0.148894
2.703000 0.149043
2.704000 0.149192
2.705000 0.149341
2.706000 0.149491
2.707000 0.149640
2.708000 0.149790
2.709000 0.149939
2.710000 0.150089
2.711000 0.150239
2.712000 0.150390
2.713000 0.150540
2.714000 0.150691
2.715000 0.150841
2.716000 0.150992
2.717000 0.151143
2.718000 0.151294
2.719000 0.151446
2.720000 0.151597
2.721000 0.151749
2.722000 0.151900
2.723000 0.152052
2.724000 0.152204
2.725000 0.152357
2.726000 0.152509
2.727000 0.152661
2.728000 0.152814
2.729000 0.152967
2.730000 0.153120
2.731000 0.153273
2.732000 0.153426
2.733000 0.153580
2.734000 0.153733
2.735000 0.153887
2.736000 0.154041
2.737000 0.154195
2.738000 0.154349
2.739000 0.154503
2.740000 0.154658
2.741000 0.154813
2.742000 0.154967
2.743000 0.155122
2.744000 0.155278
2.745000 0.155433
2.746000 0.155588
2.747000 0.155744
2.748000 0.155900
2.749000 0.156055
2.750000 0.156212
2.751000 0.156368
2.752000 0.156524
2.753000 0.156681
2.754000 0.156837
2.755000 0.156994
2.756000 0.157151
2.757000 0.157308
2.758000 0.157466
2.759000 0.157623
2.760000 0.157781
2.761000 0.157938
2.762000 0.158096
2.763000 0.158255
2.764000 0.158413
2.765000 0.158571
2.766000 0.158730
2.767000 0.158888
2.768000 0.159047
2.769000 0.159206
2.770000 0.159366
2.771000 0.159525
2.772000 0.159685
2.773000 0.159844
2.774000 0.160004
2.775000 0.160164
2.776000 0.160324
2.777000 0.160485
2.778000 0.160645
2.779000 0.160806
2.780000 0.160966
2.781000 0.161127
2.782000 0.161289
2.783000 0.161450
2.784000 0.161611
2.785000 0.161773
2.786000 0.161935
2.787000 0.162097
2.788000 0.162259
2.789000 0.162421
2.790000 0.162583
2.791000 0.162746
2.792000 0.162909
2.793000 0.163072
2.794000 0.163235
2.795000 0.163398
2.796000 0.163561
2.797000 0.163725
2.798000 0.163889
2.799000 0.164053
2.800000 0.164217
2.801000 0.164381
2.802000 0.164545
2.803000 0.164710
2.804000 0.164874
2.805000 0.165039
2.806000 0.165204
2.807000 0.165370
2.808000 0.165535
2.809000 0.165700
2.810000 0.165866
2.811000 0.166032
2.812000 0.166198
2.813000 0.166364
2.814000 0.166531
2.815000 0.166697
2.816000 0.166864
2.817000 0.167031
2.818000 0.167198
2.819000 0.167365
2.820000 0.167532
2.821000 0.167700
2.822000 0.167868
2.823000 0.168035
2.824000 0.168203
2.825000 0.168372
2.826000 0.168540
2.827000 0.168709
2.828000 0.168877
2.829000 0.169046
2.830000 0.169215
2.831000 0.169384
2.832000 0.169554
2.833000 0.169723
2.834000 0.169893
2.835000 0.170063
2.836000 0.170233
2.837000 0.170403
2.838000 0.170574
2.839000 0.170744
2.840000 0.170915
2.841000 0.171086
2.842000 0.171257
2.843000 0.171428
2.844000 0.171600
2.845000 0.171771
2.846000 0.171943
2.847000 0.172115
2.848000 0.172287
2.849000 0.172459
2.850000 0.172632
2.851000 0.172804
2.852000 0.172977
2.853000 0.173150
2.854000 0.173323
2.855000 0.173497
2.856000 0.173670
2.857000 0.173844
2.858000 0.174018
2.859000 0.174192
2.860000 0.174366
2.861000 0.174540
2.862000 0.174715
2.863000 0.174890
2.864000 0.175064
2.865000 0.175239
2.866000 0.175415
2.867000 0.175590
2.868000 0.175766
2.869000 0.175941
2.870000 0.176117
2.871000 0.176294
2.872000 0.176470
2.873000 0.176646
2.874000 0.176823
2.875000 0.177000
2.876000 0.177177
2.877000 0.177354
2.878000 0.177531
2.879000 0.177709
2.880000 0.177887
2.881000 0.178064
2.882000 0.178243
2.883000 0.178421
2.884000 0.178599
2.885000 0.178778
2.886000 0.178957
2.887000 0.179136
2.888000 0.179315
2.889000 0.179494
2.890000 0.179673
2.891000 0.179853
2.892000 0.180033
2.893000 0.180213
2.894000 0.180393
2.895000 0.180574
2.896000 0.180754
2.897000 0.180935
2.898000 0.181116
2.899000 0.181297
2.900000 0.181478
2.901000 0.181660
2.902000 0.181841
2.903000 0.182023
2.904000 0.182205
2.905000 0.182388
2.906000 0.182570
2.907000 0.182752
2.908000 0.182935
2.909000 0.183118
2.910000 0.183301
2.911000 0.183485
2.912000 0.183668
2.913000 0.183852
2.914000 0.184036
2.915000 0.184220
2.916000 0.184404
2.917000 0.184588
2.918000 0.184773
2.919000 0.184958
2.920000 0.185143
2.921000 0.185328
2.922000 0.185513
2.923000 0.185699
2.924000 0.185884
2.925000 0.186070
2.926000 0.186256
2.927000 0.186442
2.928000 0.186629
2.929000 0.186816
2.930000 0.187002
2.931000 0.187189
2.932000 0.187377
2.933000 0.187564
2.934000 0.187751
2.935000 0.187939
2.936000 0.188127
2.937000 0.188315
2.938000 0.188504
2.939000 0.188692
2.940000 0.188881
2.941000 0.189070
2.942000 0.189259
2.943000 0.189448
2.944000 0.189637
2.945000 0.189827
2.946000 0.190017
2.947000 0.190207
2.948000 0.190397
2.949000 0.190588
2.950000 0.190778
2.951000 0.190969
2.952000 0.191160
2.953000 0.191351
2.954000 0.191542
2.955000 0.191734
2.956000 0.191926
2.957000 0.192118
2.958000 0.192310
2.959000 0.192502
2.960000 0.192695
2.961000 0.192887
2.962000 0.193080
2.963000 0.193273
2.964000 0.193466
2.965000 0.193660
2.966000 0.193854
2.967000 0.194047
2.968000 0.194241
2.969000 0.194436
2.970000 0.194630
2.971000 0.194825
2.972000 0.195020
2.973000 0.195215
2.974000 0.195410
2.975000 0.195605
2.976000 0.195801
2.977000 0.195997
2.978000 0.196193
2.979000 0.196389
2.980000 0.196585
2.981000 0.196782
2.982000 0.196979
2.983000 0.197176
2.984000 0.197373
2.985000 0.197570
2.986000 0.197768
2.987000 0.197965
2.988000 0.198163
2.989000 0.198362
2.990000 0.198560
2.991000 0.198759
2.992000 0.198957
2.993000 0.199156
2.994000 0.199355
2.995000 0.199555
2.996000 0.199754
2.997000 0.199954
2.998000 0.200154
2.999000 0.200354
3.000000 0.200555
3.001000 0.200755
3.002000 0.200956
3.003000 0.201157
3.004000 0.201358
3.005000 0.201559
3.006000 0.201761
3.007000 0.201963
3.008000 0.202165
3.009000 0.202367
3.010000 0.202569
3.011000 0.202772
3.012000 0.202974
3.013000 0.203177
3.014000 0.203381
3.015000 0.203584
3.016000 0.203788
3.017000 0.203991
3.018000 0.204195
3.019000 0.204400
3.020000 0.204604
3.021000 0.204809
3.022000 0.205013
3.023000 0.205218
3.024000 0.205424
3.025000 0.205629
3.026000 0.205835
3.027000 0.206040
3.028000 0.206247
3.029000 0.206453
3.030000 0.206659
3.031000 0.206866
3.032000 0.207073
3.033000 0.207280
3.034000 0.207487
3.035000 0.207695
3.036000 0.207902
3.037000 0.208110
3.038000 0.208318
3.039000 0.208527
3.040000 0.208735
3.041000 0.208944
3.042000 0.209153
3.043000 0.209362
3.044000 0.209571
3.045000 0.209781
3.046000 0.209991
3.047000 0.210201
3.048000 0.210411
3.049000 0.210621
3.050000 0.210832
3.051000 0.211043
3.052000 0.211254
3.053000 0.211465
3.054000 0.211676
3.055000 0.211888
3.056000 0.212100
3.057000 0.212312
3.058000 0.212524
3.059000 0.212737
3.060000 0.212950
3.061000 0.213163
3.062000 0.213376
3.063000 0.213589
3.064000 0.213803
3.065000 0.214017
3.066000 0.214231
3.067000 0.214445
3.068000 0.214659
3.069000 0.214874
3.070000 0.215089
3.071000 0.215304
3.072000 0.215519
3.073000 0.215735
3.074000 0.215950
3.075000 0.216166
3.076000 0.216383
3.077000 0.216599
3.078000 0.216816
3.079000 0.217032
3.080000 0.217249
3.081000 0.217467
3.082000 0.217684
3.083000 0.217902
3.084000 0.218120
3.085000 0.218338
3.086000 0.218556
3.087000 0.218775
3.088000 0.218994
3.089000 0.219213
3.090000 0.219432
3.091000 0.219651
3.092000 0.219871
3.093000 0.220091
3.094000 0.220311
3.095000 0.220531
3.096000 0.220752
3.097000 0.220972
3.098000 0.221193
3.099000 0.221415
3.100000 0.221636
3.101000 0.221858
3.102000 0.222079
3.103000 0.222302
3.104000 0.222524
3.105000 0.222746
3.106000 0.222969
3.107000 0.223192
3.108000 0.223415
3.109000 0.223639
3.110000 0.223862
3.111000 0.224086
3.112000 0.224310
3.113000 0.224535
3.114000 0.224759
3.115000 0.224984
3.116000 0.225209
3.117000 0.225434
3.118000 0.225659
3.119000 0.225885
3.120000 0.226111
3.121000 0.226337
3.122000 0.226563
3.123000 0.226790
3.124000 0.227017
3.125000 0.227244
3.126000 0.227471
3.127000 0.227699
3.128000 0.227926
3.129000 0.228154
3.130000 0.228382
3.131000 0.228611
3.132000 0.228839
3.133000 0.229068
3.134000 0.229297
3.135000 0.229527
3.136000 0.229756
3.137000 0.229986
3.138000 0.230216
3.139000 0.230446
3.140000 0.230676
3.141000 0.230907
3.142000 0.231138
3.143000 0.231369
3.144000 0.231601
3.145000 0.231832
3.146000 0.232064
3.147000 0.232296
3.148000 0.232528
3.149000 0.232761
3.150000 0.232994
3.151000 0.233227
3.152000 0.233460
3.153000 0.233693
3.154000 0.233927
3.155000 0.234161
3.156000 0.234395
3.157000 0.234629
3.158000 0.234864
3.159000 0.235099
3.160000 0.235334
3.161000 0.235569
3.162000 0.235805
3.163000 0.236041
3.164000 0.236277
3.165000 0.236513
3.166000 0.236750
3.167000 0.236986
3.168000 0.237223
3.169000 0.237461
3.170000 0.237698
3.171000 0.237936
3.172000 0.238174
3.173000 0.238412
3.174000 0.238650
3.175000 0.238889
3.176000 0.239128
3.177000 0.239367
3.178000 0.239606
3.179000 0.239846
3.180000 0.240086
3.181000 0.240326
3.182000 0.240566
3.183000 0.240807
3.184000 0.241048
3.185000 0.241289
3.186000 0.241530
3.187000 0.241771
3.188000 0.242013
3.189000 0.242255
3.190000 0.242497
3.191000 0.242740
3.192000 0.242983
3.193000 0.243226
3.194000 0.243469
3.195000 0.243712
3.196000 0.243956
3.197000 0.244200
3.198000 0.244444
3.199000 0.244689
3.200000 0.244933
3.201000 0.245178
3.202000 0.245423
3.203000 0.245669
3.204000 0.245915
3.205000 0.246160
3.206000 0.246407
3.207000 0.246653
3.208000 0.246900
3.209000 0.247147
3.210000 0.247394
3.211000 0.247641
3.212000 0.247889
3.213000 0.248137
3.214000 0.248385
3.215000 0.248633
3.216000 0.248882
3.217000 0.249131
3.218000 0.249380
3.219000 0.249629
3.220000 0.249879
3.221000 0.250129
3.222000 0.250379
3.223000 0.250629
3.224000 0.250880
3.225000 0.251131
3.226000 0.251382
3.227000 0.251633
3.228000 0.251885
3.229000 0.252137
3.230000 0.252389
3.231000 0.252641
3.232000 0.252894
3.233000 0.253147
3.234000 0.253400
3.235000 0.253653
3.236000 0.253907
3.237000 0.254161
3.238000 0.254415
3.239000 0.254670
3.240000 0.254924
3.241000 0.255179
3.242000 0.255434
3.243000 0.255690
3.244000 0.255945
3.245000 0.256201
3.246000 0.256458
3.247000 0.256714
3.248000 0.256971
3.249000 0.257228
3.250000 0.257485
3.251000 0.257742
3.252000 0.258000
3.253000 0.258258
3.254000 0.258516
3.255000 0.258775
3.256000 0.259034
3.257000 0.259293
3.258000 0.259552
3.259000 0.259812
3.260000 0.260071
3.261000 0.260331
3.262000 0.260592
3.263000 0.260852
3.264000 0.261113
3.265000 0.261374
3.266000 0.261636
3.267000 0.261897
3.268000 0.262159
3.269000 0.262421
3.270000 0.262684
3.271000 0.262947
3.272000 0.263209
3.273000 0.263473
3.274000 0.263736
3.275000 0.264000
3.276000 0.264264
3.277000 0.264528
3.278000 0.264793
3.279000 0.265057
3.280000 0.265323
3.281000 0.265588
3.282000 0.265853
3.283000 0.266119
3.284000 0.266385
3.285000 0.266652
3.286000 0.266918
3.287000 0.267185
3.288000 0.267453
3.289000 0.267720
3.290000 0.267988
3.291000 0.268256
3.292000 0.268524
3.293000 0.268792
3.294000 0.269061
3.295000 0.269330
3.296000 0.269600
3.297000 0.269869
3.298000 0.270139
3.299000 0.270409
3.300000 0.270680
3.301000 0.270950
3.302000 0.271221
3.303000 0.271493
3.304000 0.271764
3.305000 0.272036
3.306000 0.272308
3.307000 0.272580
3.308000 0.272853
3.309000 0.273126
3.310000 0.273399
3.311000 0.273672
3.312000 0.273946
3.313000 0.274220
3.314000 0.274494
3.315000 0.274768
3.316000 0.275043
3.317000 0.275318
3.318000 0.275594
3.319000 0.275869
3.320000 0.276145
3.321000 0.276421
3.322000 0.276698
3.323000 0.276974
3.324000 0.277251
3.325000 0.277529
3.326000 0.277806
3.327000 0.278084
3.328000 0.278362
3.329000 0.278640
3.330000 0.278919
3.331000 0.279198
3.332000 0.279477
3.333000 0.279757
3.334000 0.280036
3.335000 0.280316
3.336000 0.280597
3.337000 0.280877
3.338000 0.281158
3.339000 0.281439
3.340000 0.281721
3.341000 0.282002
3.342000 0.282284
3.343000 0.282567
3.344000 0.282849
3.345000 0.283132
3.346000 0.283415
3.347000 0.283699
3.348000 0.283982
3.349000 0.284266
3.350000 0.284551
3.351000 0.284835
3.352000 0.285120
3.353000 0.285405
3.354000 0.285691
3.355000 0.285976
3.356000 0.286262
3.357000 0.286548
3.358000 0.286835
3.359000 0.287122
3.360000 0.287409
3.361000 0.287696
3.362000 0.287984
3.363000 0.288272
3.364000 0.288560
3.365000 0.288849
3.366000 0.289138
3.367000 0.289427
3.368000 0.289716
3.369000 0.290006
3.370000 0.290296
3.371000 0.290586
3.372000 0.290877
3.373000 0.291168
3.374000 0.291459
3.375000 0.291750
3.376000 0.292042
3.377000 0.292334
3.378000 0.292627
3.379000 0.292919
3.380000 0.293212
3.381000 0.293505
3.382000 0.293799
3.383000 0.294093
3.384000 0.294387
3.385000 0.294681
3.386000 0.294976
3.387000 0.295271
3.388000 0.295566
3.389000 0.295862
3.390000 0.296157
3.391000 0.296454
3.392000 0.296750
3.393000 0.297047
3.394000 0.297344
3.395000 0.297641
3.396000 0.297939
3.397000 0.298237
3.398000 0.298535
3.399000 0.298834
3.400000 0.299132
3.401000 0.299432
3.402000 0.299731
3.403000 0.300031
3.404000 0.300331
3.405000 0.300631
3.406000 0.300932
3.407000 0.301233
3.408000 0.301534
3.409000 0.301835
3.410000 0.302137
3.411000 0.302439
3.412000 0.302742
3.413000 0.303045
3.414000 0.303348
3.415000 0.303651
3.416000 0.303955
3.417000 0.304259
3.418000 0.304563
3.419000 0.304867
3.420000 0.305172
3.421000 0.305477
3.422000 0.305783
3.423000 0.306089
3.424000 0.306395
3.425000 0.306701
3.426000 0.307008
3.427000 0.307315
3.428000 0.307622
3.429000 0.307930
3.430000 0.308238
3.431000 0.308546
3.432000 0.308854
3.433000 0.309163
3.434000 0.309473
3.435000 0.309782
3.436000 0.310092
3.437000 0.310402
3.438000 0.310712
3.439000 0.311023
3.440000 0.311334
3.441000 0.311645
3.442000 0.311957
3.443000 0.312269
3.444000 0.312581
3.445000 0.312894
3.446000 0.313207
3.447000 0.313520
3.448000 0.313833
3.449000 0.314147
3.450000 0.314461
3.451000 0.314776
3.452000 0.315091
3.453000 0.315406
3.454000 0.315721
3.455000 0.316037
3.456000 0.316353
3.457000 0.316669
3.458000 0.316986
3.459000 0.317303
3.460000 0.317620
3.461000 0.317938
3.462000 0.318256
3.463000 0.318574
3.464000 0.318893
3.465000 0.319211
3.466000 0.319531
3.467000 0.319850
3.468000 0.320170
3.469000 0.320490
3.470000 0.320811
3.471000 0.321132
3.472000 0.321453
3.473000 0.321774
3.474000 0.322096
3.475000 0.322418
3.476000 0.322740
3.477000 0.323063
3.478000 0.323386
3.479000 0.323710
3.480000 0.324033
3.481000 0.324357
3.482000 0.324682
3.483000 0.325006
3.484000 0.325331
3.485000 0.325657
3.486000 0.325982
3.487000 0.326308
3.488000 0.326635
3.489000 0.326961
3.490000 0.327288
3.491000 0.327616
3.492000 0.327943
3.493000 0.328271
3.494000 0.328599
3.495000 0.328928
3.496000 0.329257
3.497000 0.329586
3.498000 0.329916
3.499000 0.330246
3.500000 0.330576
3.501000 0.330906
3.502000 0.331237
3.503000 0.331569
3.504000 0.331900
3.505000 0.332232
3.506000 0.332564
3.507000 0.332897
3.508000 0.333230
3.509000 0.333563
3.510000 0.333897
3.511000 0.334230
3.512000 0.334565
3.513000 0.334899
3.514000 0.335234
3.515000 0.335569
3.516000 0.335905
3.517000 0.336241
3.518000 0.336577
3.519000 0.336914
3.520000 0.337251
3.521000 0.337588
3.522000 0.337925
3.523000 0.338263
3.524000 0.338602
3.525000 0.338940
3.526000 0.339279
3.527000 0.339618
3.528000 0.339958
3.529000 0.340298
3.530000 0.340638
3.531000 0.340979
3.532000 0.341320
3.533000 0.341661
3.534000 0.342003
3.535000 0.342345
3.536000 0.342687
3.537000 0.343030
3.538000 0.343373
3.539000 0.343716
3.540000 0.344060
3.541000 0.344404
3.542000 0.344749
3.543000 0.345093
3.544000 0.345438
3.545000 0.345784
3.546000 0.346130
3.547000 0.346476
3.548000 0.346822
3.549000 0.347169
3.550000 0.347516
3.551000 0.347864
3.552000 0.348212
3.553000 0.348560
3.554000 0.348908
3.555000 0.349257
3.556000 0.349607
3.557000 0.349956
3.558000 0.350306
3.559000 0.350656
3.560000 0.351007
3.561000 0.351358
3.562000 0.351709
3.563000 0.352061
3.564000 0.352413
3.565000 0.352766
3.566000 0.353118
3.567000 0.353471
3.568000 0.353825
3.569000 0.354179
3.570000 0.354533
3.571000 0.354887
3.572000 0.355242
3.573000 0.355598
3.574000 0.355953
3.575000 0.356309
3.576000 0.356665
3.577000 0.357022
3.578000 0.357379
3.579000 0.357737
3.580000 0.358094
3.581000 0.358452
3.582000 0.358811
3.583000 0.359170
3.584000 0.359529
3.585000 0.359888
3.586000 0.360248
3.587000 0.360608
3.588000 0.360969
3.589000 0.361330
3.590000 0.361691
3.591000 0.362053
3.592000 0.362415
3.593000 0.362778
3.594000 0.363140
3.595000 0.363503
3.596000 0.363867
3.597000 0.364231
3.598000 0.364595
3.599000 0.364960
3.600000 0.365325
3.601000 0.365690
3.602000 0.366056
3.603000 0.366422
3.604000 0.366788
3.605000 0.367155
3.606000 0.367522
3.607000 0.367890
3.608000 0.368257
3.609000 0.368626
3.610000 0.368994
3.611000 0.369363
3.612000 0.369733
3.613000 0.370102
3.614000 0.370473
3.615000 0.370843
3.616000 0.371214
3.617000 0.371585
3.618000 0.371957
3.619000 0.372329
3.620000 0.372701
3.621000 0.373074
3.622000 0.373447
3.623000 0.373820
3.624000 0.374194
3.625000 0.374568
3.626000 0.374943
3.627000 0.375318
3.628000 0.375693
3.629000 0.376069
3.630000 0.376445
3.631000 0.376821
3.632000 0.377198
3.633000 0.377575
3.634000 0.377953
3.635000 0.378331
3.636000 0.378709
3.637000 0.379088
3.638000 0.379467
3.639000 0.379846
3.640000 0.380226
3.641000 0.380606
3.642000 0.380987
3.643000 0.381368
3.644000 0.381749
3.645000 0.382131
3.646000 0.382513
3.647000 0.382896
3.648000 0.383279
3.649000 0.383662
3.650000 0.384046
3.651000 0.384430
3.652000 0.384814
3.653000 0.385199
3.654000 0.385584
3.655000 0.385970
3.656000 0.386356
3.657000 0.386742
3.658000 0.387129
3.659000 0.387516
3.660000 0.387903
3.661000 0.388291
3.662000 0.388680
3.663000 0.389068
3.664000 0.389457
3.665000 0.389847
3.666000 0.390237
3.667000 0.390627
3.668000 0.391017
3.669000 0.391409
3.670000 0.391800
3.671000 0.392192
3.672000 0.392584
3.673000 0.392977
3.674000 0.393369
3.675000 0.393763
3.676000 0.394157
3.677000 0.394551
3.678000 0.394945
3.679000 0.395340
3.680000 0.395736
3.681000 0.396131
3.682000 0.396527
3.683000 0.396924
3.684000 0.397321
3.685000 0.397718
3.686000 0.398116
3.687000 0.398514
3.688000 0.398913
3.689000 0.399312
3.690000 0.399711
3.691000 0.400111
3.692000 0.400511
3.693000 0.400911
3.694000 0.401312
3.695000 0.401713
3.696000 0.402115
3.697000 0.402517
3.698000 0.402920
3.699000 0.403323
3.700000 0.403726
3.701000 0.404130
3.702000 0.404534
3.703000 0.404938
3.704000 0.405343
3.705000 0.405749
3.706000 0.406154
3.707000 0.406561
3.708000 0.406967
3.709000 0.407374
3.710000 0.407781
3.711000 0.408189
3.712000 0.408597
3.713000 0.409006
3.714000 0.409415
3.715000 0.409824
3.716000 0.410234
3.717000 0.410644
3.718000 0.411055
3.719000 0.411466
3.720000 0.411878
3.721000 0.412290
3.722000 0.412702
3.723000 0.413115
3.724000 0.413528
3.725000 0.413941
3.726000 0.414355
3.727000 0.414769
3.728000 0.415184
3.729000 0.415599
3.730000 0.416015
3.731000 0.416431
3.732000 0.416847
3.733000 0.417264
3.734000 0.417682
3.735000 0.418099
3.736000 0.418517
3.737000 0.418936
3.738000 0.419355
3.739000 0.419774
3.740000 0.420194
3.741000 0.420614
3.742000 0.421035
3.743000 0.421456
3.744000 0.421877
3.745000 0.422299
3.746000 0.422721
3.747000 0.423144
3.748000 0.423567
3.749000 0.423991
3.750000 0.424415
3.751000 0.424839
3.752000 0.425264
3.753000 0.425689
3.754000 0.426115
3.755000 0.426541
3.756000 0.426968
3.757000 0.427395
3.758000 0.427822
3.759000 0.428250
3.760000 0.428678
3.761000 0.429107
3.762000 0.429536
3.763000 0.429965
3.764000 0.430395
3.765000 0.430826
3.766000 0.431257
3.767000 0.431688
3.768000 0.432120
3.769000 0.432552
3.770000 0.432984
3.771000 0.433417
3.772000 0.433851
3.773000 0.434285
3.774000 0.434719
3.775000 0.435154
3.776000 0.435589
3.777000 0.436024
3.778000 0.436460
3.779000 0.436897
3.780000 0.437334
3.781000 0.437771
3.782000 0.438209
3.783000 0.438647
3.784000 0.439086
3.785000 0.439525
3.786000 0.439964
3.787000 0.440404
3.788000 0.440845
3.789000 0.441285
3.790000 0.441727
3.791000 0.442168
3.792000 0.442611
3.793000 0.443053
3.794000 0.443496
3.795000 0.443940
3.796000 0.444384
3.797000 0.444828
3.798000 0.445273
3.799000 0.445718
3.800000 0.446164
3.801000 0.446610
3.802000 0.447057
3.803000 0.447504
3.804000 0.447951
3.805000 0.448399
3.806000 0.448848
3.807000 0.449296
3.808000 0.449746
3.809000 0.450195
3.810000 0.450646
3.811000 0.451096
3.812000 0.451547
3.813000 0.451999
3.814000 0.452451
3.815000 0.452903
3.816000 0.453356
3.817000 0.453810
3.818000 0.454263
3.819000 0.454718
3.820000 0.455172
3.821000 0.455628
3.822000 0.456083
3.823000 0.456539
3.824000 0.456996
3.825000 0.457453
3.826000 0.457910
3.827000 0.458368
3.828000 0.458827
3.829000 0.459285
3.830000 0.459745
3.831000 0.460204
3.832000 0.460665
3.833000 0.461125
3.834000 0.461586
3.835000 0.462048
3.836000 0.462510
3.837000 0.462973
3.838000 0.463436
3.839000 0.463899
3.840000 0.464363
3.841000 0.464827
3.842000 0.465292
3.843000 0.465757
3.844000 0.466223
3.845000 0.466689
3.846000 0.467156
3.847000 0.467623
3.848000 0.468091
3.849000 0.468559
3.850000 0.469027
3.851000 0.469497
3.852000 0.469966
3.853000 0.470436
3.854000 0.470906
3.855000 0.471377
3.856000 0.471849
3.857000 0.472321
3.858000 0.472793
3.859000 0.473266
3.860000 0.473739
3.861000 0.474213
3.862000 0.474687
3.863000 0.475162
3.864000 0.475637
3.865000 0.476112
3.866000 0.476588
3.867000 0.477065
3.868000 0.477542
3.869000 0.478020
3.870000 0.478498
3.871000 0.478976
3.872000 0.479455
3.873000 0.479935
3.874000 0.480415
3.875000 0.480895
3.876000 0.481376
3.877000 0.481857
3.878000 0.482339
3.879000 0.482821
3.880000 0.483304
3.881000 0.483788
3.882000 0.484271
3.883000 0.484756
3.884000 0.485240
3.885000 0.485726
3.886000 0.486211
3.887000 0.486698
3.888000 0.487184
3.889000 0.487671
3.890000 0.488159
3.891000 0.488647
3.892000 0.489136
3.893000 0.489625
3.894000 0.490115
3.895000 0.490605
3.896000 0.491095
3.897000 0.491586
3.898000 0.492078
3.899000 0.492570
3.900000 0.493063
3.901000 0.493556
3.902000 0.494049
3.903000 0.494543
3.904000 0.495038
3.905000 0.495533
3.906000 0.496029
3.907000 0.496525
3.908000 0.497021
3.909000 0.497518
3.910000 0.498016
3.911000 0.498514
3.912000 0.499012
3.913000 0.499511
3.914000 0.500011
3.915000 0.500511
3.916000 0.501011
3.917000 0.501512
3.918000 0.502014
3.919000 0.502516
3.920000 0.503018
3.921000 0.503521
3.922000 0.504025
3.923000 0.504529
3.924000 0.505033
3.925000 0.505538
3.926000 0.506044
3.927000 0.506550
3.928000 0.507056
3.929000 0.507564
3.930000 0.508071
3.931000 0.508579
3.932000 0.509088
3.933000 0.509597
3.934000 0.510106
3.935000 0.510617
3.936000 0.511127
3.937000 0.511638
3.938000 0.512150
3.939000 0.512662
3.940000 0.513175
3.941000 0.513688
3.942000 0.514202
3.943000 0.514716
3.944000 0.515231
3.945000 0.515746
3.946000 0.516261
3.947000 0.516778
3.948000 0.517295
3.949000 0.517812
3.950000 0.518330
3.951000 0.518848
3.952000 0.519367
3.953000 0.519886
3.954000 0.520406
3.955000 0.520926
3.956000 0.521447
3.957000 0.521969
3.958000 0.522491
3.959000 0.523013
3.960000 0.523536
3.961000 0.524060
3.962000 0.524584
3.963000 0.525109
3.964000 0.525634
3.965000 0.526159
3.966000 0.526685
3.967000 0.527212
3.968000 0.527739
3.969000 0.528267
3.970000 0.528795
3.971000 0.529324
3.972000 0.529853
3.973000 0.530383
3.974000 0.530914
3.975000 0.531445
3.976000 0.531976
3.977000 0.532508
3.978000 0.533041
3.979000 0.533574
3.980000 0.534107
3.981000 0.534641
3.982000 0.535176
3.983000 0.535711
3.984000 0.536247
3.985000 0.536783
3.986000 0.537320
3.987000 0.537857
3.988000 0.538395
3.989000 0.538933
3.990000 0.539472
3.991000 0.540012
3.992000 0.540552
3.993000 0.541092
3.994000 0.541633
3.995000 0.542175
3.996000 0.542717
3.997000 0.543260
3.998000 0.543803
3.999000 0.544347
4.000000 0.544891
4.001000 0.545436
4.002000 0.545982
4.003000 0.546528
4.004000 0.547074
4.005000 0.547621
4.006000 0.548169
4.007000 0.548717
4.008000 0.549266
4.009000 0.549815
4.010000 0.550365
4.011000 0.550915
4.012000 0.551466
4.013000 0.552018
4.014000 0.552570
4.015000 0.553122
4.016000 0.553675
4.017000 0.554229
4.018000 0.554783
4.019000 0.555338
4.020000 0.555893
4.021000 0.556449
4.022000 0.557006
4.023000 0.557563
4.024000 0.558120
4.025000 0.558678
4.026000 0.559237
4.027000 0.559796
4.028000 0.560356
4.029000 0.560916
4.030000 0.561477
4.031000 0.562039
4.032000 0.562601
4.033000 0.563163
4.034000 0.563727
4.035000 0.564290
4.036000 0.564855
4.037000 0.565420
4.038000 0.565985
4.039000 0.566551
4.040000 0.567117
4.041000 0.567685
4.042000 0.568252
4.043000 0.568821
4.044000 0.569389
4.045000 0.569959
4.046000 0.570529
4.047000 0.571099
4.048000 0.571670
4.049000 0.572242
4.050000 0.572814
4.051000 0.573387
4.052000 0.573960
4.053000 0.574534
4.054000 0.575109
4.055000 0.575684
4.056000 0.576260
4.057000 0.576836
4.058000 0.577413
4.059000 0.577990
4.060000 0.578568
4.061000 0.579147
4.062000 0.579726
4.063000 0.580306
4.064000 0.580886
4.065000 0.581467
4.066000 0.582048
4.067000 0.582630
4.068000 0.583213
4.069000 0.583796
4.070000 0.584380
4.071000 0.584964
4.072000 0.585549
4.073000 0.586135
4.074000 0.586721
4.075000 0.587308
4.076000 0.587895
4.077000 0.588483
4.078000 0.589071
4.079000 0.589661
4.080000 0.590250
4.081000 0.590840
4.082000 0.591431
4.083000 0.592023
4.084000 0.592615
4.085000 0.593207
4.086000 0.593801
4.087000 0.594394
4.088000 0.594989
4.089000 0.595584
4.090000 0.596179
4.091000 0.596775
4.092000 0.597372
4.093000 0.597970
4.094000 0.598568
4.095000 0.599166
4.096000 0.599765
4.097000 0.600365
4.098000 0.600965
4.099000 0.601566
4.100000 0.602168
4.101000 0.602770
4.102000 0.603373
4.103000 0.603976
4.104000 0.604580
4.105000 0.605185
4.106000 0.605790
4.107000 0.606396
4.108000 0.607002
4.109000 0.607609
4.110000 0.608217
4.111000 0.608825
4.112000 0.609434
4.113000 0.610043
4.114000 0.610653
4.115000 0.611264
4.116000 0.611875
4.117000 0.612487
4.118000 0.613100
4.119000 0.613713
4.120000 0.614326
4.121000 0.614941
4.122000 0.615556
4.123000 0.616171
4.124000 0.616787
4.125000 0.617404
4.126000 0.618022
4.127000 0.618640
4.128000 0.619258
4.129000 0.619878
4.130000 0.620497
4.131000 0.621118
4.132000 0.621739
4.133000 0.622361
4.134000 0.622983
4.135000 0.623606
4.136000 0.624230
4.137000 0.624854
4.138000 0.625479
4.139000 0.626104
4.140000 0.626730
4.141000 0.627357
4.142000 0.627984
4.143000 0.628612
4.144000 0.629241
4.145000 0.629870
4.146000 0.630500
4.147000 0.631131
4.148000 0.631762
4.149000 0.632394
4.150000 0.633026
4.151000 0.633659
4.152000 0.634293
4.153000 0.634927
4.154000 0.635562
4.155000 0.636197
4.156000 0.636834
4.157000 0.637470
4.158000 0.638108
4.159000 0.638746
4.160000 0.639385
4.161000 0.640024
4.162000 0.640664
4.163000 0.641305
4.164000 0.641946
4.165000 0.642588
4.166000 0.643231
4.167000 0.643874
4.168000 0.644518
4.169000 0.645162
4.170000 0.645808
4.171000 0.646453
4.172000 0.647100
4.173000 0.647747
4.174000 0.648395
4.175000 0.649043
4.176000 0.649692
4.177000 0.650342
4.178000 0.650992
4.179000 0.651643
4.180000 0.652295
4.181000 0.652947
4.182000 0.653600
4.183000 0.654254
4.184000 0.654908
4.185000 0.655563
4.186000 0.656218
4.187000 0.656875
4.188000 0.657531
4.189000 0.658189
4.190000 0.658847
4.191000 0.659506
4.192000 0.660165
4.193000 0.660826
4.194000 0.661486
4.195000 0.662148
4.196000 0.662810
4.197000 0.663473
4.198000 0.664136
4.199000 0.664800
4.200000 0.665465
4.201000 0.666131
4.202000 0.666797
4.203000 0.667464
4.204000 0.668131
4.205000 0.668799
4.206000 0.669468
4.207000 0.670138
4.208000 0.670808
4.209000 0.671478
4.210000 0.672150
4.211000 0.672822
4.212000 0.673495
4.213000 0.674168
4.214000 0.674843
4.215000 0.675517
4.216000 0.676193
4.217000 0.676869
4.218000 0.677546
4.219000 0.678224
4.220000 0.678902
4.221000 0.679581
4.222000 0.680260
4.223000 0.680941
4.224000 0.681621
4.225000 0.682303
4.226000 0.682985
4.227000 0.683668
4.228000 0.684352
4.229000 0.685036
4.230000 0.685721
4.231000 0.686407
4.232000 0.687094
4.233000 0.687781
4.234000 0.688468
4.235000 0.689157
4.236000 0.689846
4.237000 0.690536
4.238000 0.691226
4.239000 0.691918
4.240000 0.692610
4.241000 0.693302
4.242000 0.693996
4.243000 0.694690
4.244000 0.695384
4.245000 0.696080
4.246000 0.696776
4.247000 0.697472
4.248000 0.698170
4.249000 0.698868
4.250000 0.699567
4.251000 0.700267
4.252000 0.700967
4.253000 0.701668
4.254000 0.702369
4.255000 0.703072
4.256000 0.703775
4.257000 0.704479
4.258000 0.705183
4.259000 0.705888
4.260000 0.706594
4.261000 0.707301
4.262000 0.708008
4.263000 0.708716
4.264000 0.709425
4.265000 0.710134
4.266000 0.710844
4.267000 0.711555
4.268000 0.712267
4.269000 0.712979
4.270000 0.713692
4.271000 0.714406
4.272000 0.715120
4.273000 0.715835
4.274000 0.716551
4.275000 0.717268
4.276000 0.717985
4.277000 0.718703
4.278000 0.719422
4.279000 0.720141
4.280000 0.720861
4.281000 0.721582
4.282000 0.722304
4.283000 0.723026
4.284000 0.723749
4.285000 0.724473
4.286000 0.725197
4.287000 0.725922
4.288000 0.726648
4.289000 0.727375
4.290000 0.728102
4.291000 0.728830
4.292000 0.729559
4.293000 0.730289
4.294000 0.731019
4.295000 0.731750
4.296000 0.732482
4.297000 0.733214
4.298000 0.733948
4.299000 0.734681
4.300000 0.735416
4.301000 0.736152
4.302000 0.736888
4.303000 0.737625
4.304000 0.738362
4.305000 0.739101
4.306000 0.739840
4.307000 0.740580
4.308000 0.741320
4.309000 0.742061
4.310000 0.742803
4.311000 0.743546
4.312000 0.744290
4.313000 0.745034
4.314000 0.745779
4.315000 0.746525
4.316000 0.747271
4.317000 0.748019
4.318000 0.748767
4.319000 0.749516
4.320000 0.750265
4.321000 0.751015
4.322000 0.751766
4.323000 0.752518
4.324000 0.753271
4.325000 0.754024
4.326000 0.754778
4.327000 0.755533
4.328000 0.756288
4.329000 0.757044
4.330000 0.757802
4.331000 0.758559
4.332000 0.759318
4.333000 0.760077
4.334000 0.760837
4.335000 0.761598
4.336000 0.762360
4.337000 0.763122
4.338000 0.763885
4.339000 0.764649
4.340000 0.765414
4.341000 0.766179
4.342000 0.766945
4.343000 0.767712
4.344000 0.768480
4.345000 0.769248
4.346000 0.770018
4.347000 0.770788
4.348000 0.771559
4.349000 0.772330
4.350000 0.773102
4.351000 0.773876
4.352000 0.774649
4.353000 0.775424
4.354000 0.776199
4.355000 0.776976
4.356000 0.777753
4.357000 0.778530
4.358000 0.779309
4.359000 0.780088
4.360000 0.780868
4.361000 0.781649
4.362000 0.782431
4.363000 0.783213
4.364000 0.783996
4.365000 0.784780
4.366000 0.785565
4.367000 0.786351
4.368000 0.787137
4.369000 0.787924
4.370000 0.788712
4.371000 0.789501
4.372000 0.790290
4.373000 0.791081
4.374000 0.791872
4.375000 0.792664
4.376000 0.793456
4.377000 0.794250
4.378000 0.795044
4.379000 0.795839
4.380000 0.796635
4.381000 0.797432
4.382000 0.798229
4.383000 0.799027
4.384000 0.799826
4.385000 0.800626
4.386000 0.801427
4.387000 0.802228
4.388000 0.803030
4.389000 0.803833
4.390000 0.804637
4.391000 0.805442
4.392000 0.806247
4.393000 0.807054
4.394000 0.807861
4.395000 0.808668
4.396000 0.809477
4.397000 0.810287
4.398000 0.811097
4.399000 0.811908
4.400000 0.812720
4.401000 0.813533
4.402000 0.814346
4.403000 0.815161
4.404000 0.815976
4.405000 0.816792
4.406000 0.817608
4.407000 0.818426
4.408000 0.819244
4.409000 0.820064
4.410000 0.820884
4.411000 0.821705
4.412000 0.822526
4.413000 0.823349
4.414000 0.824172
4.415000 0.824996
4.416000 0.825821
4.417000 0.826647
4.418000 0.827474
4.419000 0.828301
4.420000 0.829130
4.421000 0.829959
4.422000 0.830789
4.423000 0.831620
4.424000 0.832451
4.425000 0.833284
4.426000 0.834117
4.427000 0.834951
4.428000 0.835786
4.429000 0.836622
4.430000 0.837458
4.431000 0.838296
4.432000 0.839134
4.433000 0.839973
4.434000 0.840813
4.435000 0.841654
4.436000 0.842496
4.437000 0.843338
4.438000 0.844182
4.439000 0.845026
4.440000 0.845871
4.441000 0.846717
4.442000 0.847563
4.443000 0.848411
4.444000 0.849259
4.445000 0.850109
4.446000 0.850959
4.447000 0.851810
4.448000 0.852661
4.449000 0.853514
4.450000 0.854368
4.451000 0.855222
4.452000 0.856077
4.453000 0.856933
4.454000 0.857790
4.455000 0.858648
4.456000 0.859507
4.457000 0.860366
4.458000 0.861227
4.459000 0.862088
4.460000 0.862950
4.461000 0.863813
4.462000 0.864677
4.463000 0.865541
4.464000 0.866407
4.465000 0.867273
4.466000 0.868141
4.467000 0.869009
4.468000 0.869878
4.469000 0.870748
4.470000 0.871618
4.471000 0.872490
4.472000 0.873362
4.473000 0.874236
4.474000 0.875110
4.475000 0.875985
4.476000 0.876861
4.477000 0.877738
4.478000 0.878616
4.479000 0.879494
4.480000 0.880374
4.481000 0.881254
4.482000 0.882135
4.483000 0.883018
4.484000 0.883901
4.485000 0.884784
4.486000 0.885669
4.487000 0.886555
4.488000 0.887441
4.489000 0.888329
4.490000 0.889217
4.491000 0.890106
4.492000 0.890997
4.493000 0.891888
4.494000 0.892779
4.495000 0.893672
4.496000 0.894566
4.497000 0.895460
4.498000 0.896356
4.499000 0.897252
4.500000 0.898150
4.501000 0.899048
4.502000 0.899947
4.503000 0.900847
4.504000 0.901748
4.505000 0.902649
4.506000 0.903552
4.507000 0.904455
4.508000 0.905360
4.509000 0.906265
4.510000 0.907172
4.511000 0.908079
4.512000 0.908987
4.513000 0.909896
4.514000 0.910806
4.515000 0.911717
4.516000 0.912628
4.517000 0.913541
4.518000 0.914454
4.519000 0.915369
4.520000 0.916284
4.521000 0.917201
4.522000 0.918118
4.523000 0.919036
4.524000 0.919955
4.525000 0.920875
4.526000 0.921796
4.527000 0.922717
4.528000 0.923640
4.529000 0.924564
4.530000 0.925488
4.531000 0.926414
4.532000 0.927340
4.533000 0.928268
4.534000 0.929196
4.535000 0.930125
4.536000 0.931055
4.537000 0.931986
4.538000 0.932918
4.539000 0.933851
4.540000 0.934785
4.541000 0.935720
4.542000 0.936656
4.543000 0.937592
4.544000 0.938530
4.545000 0.939468
4.546000 0.940408
4.547000 0.941348
4.548000 0.942290
4.549000 0.943232
4.550000 0.944175
4.551000 0.945119
4.552000 0.946064
4.553000 0.947010
4.554000 0.947957
4.555000 0.948905
4.556000 0.949854
4.557000 0.950804
4.558000 0.951755
4.559000 0.952707
4.560000 0.953659
4.561000 0.954613
4.562000 0.955568
4.563000 0.956523
4.564000 0.957480
4.565000 0.958437
4.566000 0.959396
4.567000 0.960355
4.568000 0.961315
4.569000 0.962277
4.570000 0.963239
4.571000 0.964202
4.572000 0.965166
4.573000 0.966132
4.574000 0.967098
4.575000 0.968065
4.576000 0.969033
4.577000 0.970002
4.578000 0.970972
4.579000 0.971943
4.580000 0.972915
4.581000 0.973888
4.582000 0.974862
4.583000 0.975837
4.584000 0.976812
4.585000 0.977789
4.586000 0.978767
4.587000 0.979746
4.588000 0.980726
4.589000 0.981706
4.590000 0.982688
4.591000 0.983671
4.592000 0.984654
4.593000 0.985639
4.594000 0.986625
4.595000 0.987611
4.596000 0.988599
4.597000 0.989587
4.598000 0.990577
4.599000 0.991568
4.600000 0.992559
4.601000 0.993552
4.602000 0.994545
4.603000 0.995540
4.604000 0.996535
4.605000 0.997532
4.606000 0.998529
4.607000 0.999528
4.608000 1.000527
4.609000 1.001528
4.610000 1.002530
4.611000 1.003532
4.612000 1.004536
4.613000 1.005540
4.614000 1.006546
4.615000 1.007552
4.616000 1.008560
4.617000 1.009568
4.618000 1.010578
4.619000 1.011588
4.620000 1.012600
4.621000 1.013613
4.622000 1.014626
4.623000 1.015641
4.624000 1.016657
4.625000 1.017673
4.626000 1.018691
4.627000 1.019710
4.628000 1.020729
4.629000 1.021750
4.630000 1.022772
4.631000 1.023795
4.632000 1.024818
4.633000 1.025843
4.634000 1.026869
4.635000 1.027896
4.636000 1.028924
4.637000 1.029953
4.638000 1.030983
4.639000 1.032014
4.640000 1.033046
4.641000 1.034079
4.642000 1.035113
4.643000 1.036148
4.644000 1.037184
4.645000 1.038221
4.646000 1.039259
4.647000 1.040299
4.648000 1.041339
4.649000 1.042380
4.650000 1.043423
4.651000 1.044466
4.652000 1.045511
4.653000 1.046556
4.654000 1.047603
4.655000 1.048650
4.656000 1.049699
4.657000 1.050749
4.658000 1.051799
4.659000 1.052851
4.660000 1.053904
4.661000 1.054958
4.662000 1.056013
4.663000 1.057069
4.664000 1.058126
4.665000 1.059184
4.666000 1.060243
4.667000 1.061303
4.668000 1.062365
4.669000 1.063427
4.670000 1.064491
4.671000 1.065555
4.672000 1.066621
4.673000 1.067687
4.674000 1.068755
4.675000 1.069824
4.676000 1.070894
4.677000 1.071964
4.678000 1.073036
4.679000 1.074109
4.680000 1.075184
4.681000 1.076259
4.682000 1.077335
4.683000 1.078412
4.684000 1.079491
4.685000 1.080570
4.686000 1.081651
4.687000 1.082732
4.688000 1.083815
4.689000 1.084899
4.690000 1.085984
4.691000 1.087070
4.692000 1.088157
4.693000 1.089245
4.694000 1.090334
4.695000 1.091425
4.696000 1.092516
4.697000 1.093609
4.698000 1.094702
4.699000 1.095797
4.700000 1.096893
4.701000 1.097990
4.702000 1.099088
4.703000 1.100187
4.704000 1.101287
4.705000 1.102388
4.706000 1.103491
4.707000 1.104594
4.708000 1.105699
4.709000 1.106804
4.710000 1.107911
4.711000 1.109019
4.712000 1.110128
4.713000 1.111238
4.714000 1.112349
4.715000 1.113462
4.716000 1.114575
4.717000 1.115690
4.718000 1.116806
4.719000 1.117922
4.720000 1.119040
4.721000 1.120159
4.722000 1.121279
4.723000 1.122401
4.724000 1.123523
4.725000 1.124647
4.726000 1.125771
4.727000 1.126897
4.728000 1.128024
4.729000 1.129152
4.730000 1.130281
4.731000 1.131411
4.732000 1.132543
4.733000 1.133675
4.734000 1.134809
4.735000 1.135944
4.736000 1.137080
4.737000 1.138217
4.738000 1.139355
4.739000 1.140494
4.740000 1.141635
4.741000 1.142777
4.742000 1.143919
4.743000 1.145063
4.744000 1.146208
4.745000 1.147355
4.746000 1.148502
4.747000 1.149650
4.748000 1.150800
4.749000 1.151951
4.750000 1.153103
4.751000 1.154256
4.752000 1.155410
4.753000 1.156566
4.754000 1.157722
4.755000 1.158880
4.756000 1.160039
4.757000 1.161199
4.758000 1.162360
4.759000 1.163522
4.760000 1.164686
4.761000 1.165851
4.762000 1.167016
4.763000 1.168183
4.764000 1.169352
4.765000 1.170521
4.766000 1.171691
4.767000 1.172863
4.768000 1.174036
4.769000 1.175210
4.770000 1.176385
4.771000 1.177562
4.772000 1.178739
4.773000 1.179918
4.774000 1.181098
4.775000 1.182279
4.776000 1.183461
4.777000 1.184645
4.778000 1.185829
4.779000 1.187015
4.780000 1.188202
4.781000 1.189390
4.782000 1.190580
4.783000 1.191770
4.784000 1.192962
4.785000 1.194155
4.786000 1.195349
4.787000 1.196545
4.788000 1.197741
4.789000 1.198939
4.790000 1.200138
4.791000 1.201338
4.792000 1.202539
4.793000 1.203742
4.794000 1.204946
4.795000 1.206151
4.796000 1.207357
4.797000 1.208564
4.798000 1.209773
4.799000 1.210982
4.800000 1.212193
4.801000 1.213406
4.802000 1.214619
4.803000 1.215834
4.804000 1.217049
4.805000 1.218266
4.806000 1.219485
4.807000 1.220704
4.808000 1.221925
4.809000 1.223147
4.810000 1.224370
4.811000 1.225594
4.812000 1.226820
4.813000 1.228047
4.814000 1.229275
4.815000 1.230504
4.816000 1.231735
4.817000 1.232966
4.818000 1.234199
4.819000 1.235433
4.820000 1.236669
4.821000 1.237906
4.822000 1.239144
4.823000 1.240383
4.824000 1.241623
4.825000 1.242865
4.826000 1.244108
4.827000 1.245352
4.828000 1.246597
4.829000 1.247844
4.830000 1.249091
4.831000 1.250341
4.832000 1.251591
4.833000 1.252842
4.834000 1.254095
4.835000 1.255349
4.836000 1.256605
4.837000 1.257861
4.838000 1.259119
4.839000 1.260378
4.840000 1.261639
4.841000 1.262900
4.842000 1.264163
4.843000 1.265427
4.844000 1.266693
4.845000 1.267960
4.846000 1.269227
4.847000 1.270497
4.848000 1.271767
4.849000 1.273039
4.850000 1.274312
4.851000 1.275586
4.852000 1.276862
4.853000 1.278139
4.854000 1.279417
4.855000 1.280696
4.856000 1.281977
4.857000 1.283259
4.858000 1.284542
4.859000 1.285827
4.860000 1.287113
4.861000 1.288400
4.862000 1.289688
4.863000 1.290978
4.864000 1.292269
4.865000 1.293561
4.866000 1.294855
4.867000 1.296149
4.868000 1.297446
4.869000 1.298743
4.870000 1.300042
4.871000 1.301342
4.872000 1.302643
4.873000 1.303946
4.874000 1.305250
4.875000 1.306555
4.876000 1.307862
4.877000 1.309169
4.878000 1.310479
4.879000 1.311789
4.880000 1.313101
4.881000 1.314414
4.882000 1.315728
4.883000 1.317044
4.884000 1.318361
4.885000 1.319680
4.886000 1.320999
4.887000 1.322320
4.888000 1.323643
4.889000 1.324966
4.890000 1.326291
4.891000 1.327617
4.892000 1.328945
4.893000 1.330274
4.894000 1.331604
4.895000 1.332936
4.896000 1.334269
4.897000 1.335603
4.898000 1.336939
4.899000 1.338276
4.900000 1.339614
4.901000 1.340954
4.902000 1.342294
4.903000 1.343637
4.904000 1.344980
4.905000 1.346325
4.906000 1.347672
4.907000 1.349019
4.908000 1.350368
4.909000 1.351719
4.910000 1.353070
4.911000 1.354424
4.912000 1.355778
4.913000 1.357134
4.914000 1.358491
4.915000 1.359849
4.916000 1.361209
4.917000 1.362570
4.918000 1.363933
4.919000 1.365297
4.920000 1.366662
4.921000 1.368029
4.922000 1.369397
4.923000 1.370766
4.924000 1.372137
4.925000 1.373509
4.926000 1.374883
4.927000 1.376258
4.928000 1.377634
4.929000 1.379012
4.930000 1.380391
4.931000 1.381771
4.932000 1.383153
4.933000 1.384536
4.934000 1.385920
4.935000 1.387306
4.936000 1.388694
4.937000 1.390082
4.938000 1.391472
4.939000 1.392864
4.940000 1.394257
4.941000 1.395651
4.942000 1.397047
4.943000 1.398444
4.944000 1.399842
4.945000 1.401242
4.946000 1.402643
4.947000 1.404046
4.948000 1.405450
4.949000 1.406855
4.950000 1.408262
4.951000 1.409670
4.952000 1.411080
4.953000 1.412491
4.954000 1.413904
4.955000 1.415318
4.956000 1.416733
4.957000 1.418150
4.958000 1.419568
4.959000 1.420987
4.960000 1.422408
4.961000 1.423831
4.962000 1.425255
4.963000 1.426680
4.964000 1.428107
4.965000 1.429535
4.966000 1.430964
4.967000 1.432395
4.968000 1.433828
4.969000 1.435261
4.970000 1.436697
4.971000 1.438133
4.972000 1.439571
4.973000 1.441011
4.974000 1.442452
4.975000 1.443894
4.976000 1.445338
4.977000 1.446784
4.978000 1.448231
4.979000 1.449679
4.980000 1.451128
4.981000 1.452580
4.982000 1.454032
4.983000 1.455486
4.984000 1.456942
4.985000 1.458399
4.986000 1.459857
4.987000 1.461317
4.988000 1.462778
4.989000 1.464241
4.990000 1.465705
4.991000 1.467171
4.992000 1.468638
4.993000 1.470107
4.994000 1.471577
4.995000 1.473048
4.996000 1.474521
4.997000 1.475996
4.998000 1.477472
4.999000 1.478949
5.000000 1.480428
